0 0 0 0 0 0 0 0 0 0 0 0 0 0 0 0 0 0 0 0 0 0 0 0 0 0 0 0 0 0 0 0 0 0 0 0 0 0 0 0 0 0 0 0 0 0 0 0 0 0 0 0 0 0 0 0 0 0 0 3 3 3 3 3 3 3 3 3 3 3 3 3 3 3 3 3 3 3 3 3 3 3 3 3 3 3 3 3 3 3 3 3 3 3 3 3 3 3 3 3 3 3 3 3 3 3 3 3 3 3 3 3 3 3 3 3 3 3 3 3 3 3 3 3 3 3 3 3 3 3 3 3 3 3 3 3 3 3 3 3 3 3 3 3 3 3 3 3 3 3 3 3 3 3 3 3 3 3 3 3 3 3 3 3 3 3 3 3 3 3 3 3 3 3 0 0 0 0 0 0 0 0 0 0 0 0 0 0 0 0 0 0 0 0 0 0 0 0 0 0 
0 0 0 0 0 0 0 0 0 0 0 0 0 0 0 0 0 0 0 0 0 0 0 0 0 0 0 0 0 0 0 0 0 0 0 0 0 0 0 0 0 0 0 0 0 0 0 0 0 0 0 0 0 0 0 0 0 3 3 3 3 3 3 3 3 3 3 3 3 3 3 3 3 3 3 3 3 3 3 3 3 3 3 3 3 3 3 3 3 3 3 3 3 3 3 3 3 3 3 3 3 3 3 3 3 3 3 3 3 3 3 3 3 3 3 3 3 3 3 3 3 3 3 3 3 3 3 3 3 3 3 3 3 3 3 3 3 3 3 3 3 3 3 3 3 3 3 3 3 3 3 3 3 3 3 3 3 3 3 3 3 3 3 3 3 3 3 3 3 3 3 3 3 3 3 0 0 0 0 0 0 0 0 0 0 0 0 0 0 0 0 0 0 0 0 0 0 0 0 0 
0 0 0 0 0 0 0 0 0 0 0 0 0 0 0 0 0 0 0 0 0 0 0 0 0 0 0 0 0 0 0 0 0 0 0 0 0 0 0 0 0 0 0 0 0 0 0 0 0 0 0 0 0 0 0 3 3 3 3 3 3 3 3 3 3 3 3 3 3 3 3 3 3 3 3 3 3 3 3 3 3 3 3 3 3 3 3 3 3 3 3 3 3 3 3 3 3 3 3 3 3 3 3 3 3 3 3 3 3 3 3 3 3 3 3 3 3 3 3 3 3 3 3 3 3 3 3 3 3 3 3 3 3 3 3 3 3 3 3 3 3 3 3 3 3 3 3 3 3 3 3 3 3 3 3 3 3 3 3 3 3 3 3 3 3 3 3 3 3 3 3 3 3 3 3 3 3 0 0 0 0 0 0 0 0 0 0 0 0 0 0 0 0 0 0 0 0 0 0 0 
0 0 0 0 0 0 0 0 0 0 0 0 0 0 0 0 0 0 0 0 0 0 0 0 0 0 0 0 0 0 0 0 0 0 0 0 0 0 0 0 0 0 0 0 0 0 0 0 0 0 0 0 0 3 3 3 3 3 3 3 3 3 3 3 3 3 3 3 3 3 3 3 3 3 3 3 3 3 3 3 3 3 3 3 3 3 3 3 3 3 3 3 3 3 3 3 3 3 3 3 3 3 6 6 6 6 6 6 6 6 6 6 6 6 6 6 6 6 3 3 3 3 3 3 3 3 3 3 3 3 3 3 3 3 3 3 3 3 3 3 3 3 3 3 3 3 3 3 3 3 3 3 3 3 3 3 3 3 3 3 3 3 3 3 3 3 3 3 3 3 3 3 3 3 3 3 3 3 0 0 0 0 0 0 0 0 0 0 0 0 0 0 0 0 0 0 0 0 0 0 
0 0 0 0 0 0 0 0 0 0 0 0 0 0 0 0 0 0 0 0 0 0 0 0 0 0 0 0 0 0 0 0 0 0 0 0 0 0 0 0 0 0 0 0 0 0 0 0 0 0 0 3 3 3 3 3 3 3 3 3 3 3 3 3 3 3 3 3 3 3 3 3 3 3 3 3 3 3 3 3 3 3 3 3 3 3 3 3 3 3 3 3 3 3 3 3 3 3 6 6 6 6 6 6 6 6 6 6 6 6 6 6 6 6 6 6 6 6 6 6 6 6 6 3 3 3 3 3 3 3 3 3 3 3 3 3 3 3 3 3 3 3 3 3 3 3 3 3 3 3 3 3 3 3 3 3 3 3 3 3 3 3 3 3 3 3 3 3 3 3 3 3 3 3 3 3 3 3 3 0 0 0 0 0 0 0 0 0 0 0 0 0 0 0 0 0 0 0 0 0 
0 0 0 0 0 0 0 0 0 0 0 0 0 0 0 0 0 0 0 0 0 0 0 0 0 0 0 0 0 0 0 0 0 0 0 0 0 0 0 0 0 0 0 0 0 0 0 0 0 0 3 3 3 3 3 3 3 3 3 3 3 3 3 3 3 3 3 3 3 3 3 3 3 3 3 3 3 3 3 3 3 3 3 3 3 3 3 3 3 3 3 3 3 3 3 6 6 6 6 6 6 6 6 6 6 6 6 6 6 6 6 6 6 6 6 6 6 6 6 6 6 6 6 6 6 6 3 3 3 3 3 3 3 3 3 3 3 3 3 3 3 3 3 3 3 3 3 3 3 3 3 3 3 3 3 3 3 3 3 3 3 3 3 3 3 3 3 3 3 3 3 3 3 3 3 3 3 3 3 3 0 0 0 0 0 0 0 0 0 0 0 0 0 0 0 0 0 0 0 0 
0 0 0 0 0 0 0 0 0 0 0 0 0 0 0 0 0 0 0 0 0 0 0 0 0 0 0 0 0 0 0 0 0 0 0 0 0 0 0 0 0 0 0 0 0 0 0 0 3 3 3 3 3 3 3 3 3 3 3 3 3 3 3 3 3 3 3 3 3 3 3 3 3 3 3 3 3 3 3 3 3 3 3 3 3 3 3 3 3 3 3 3 6 6 6 6 6 6 6 6 6 6 6 6 6 6 6 6 6 6 6 6 6 6 6 6 6 6 6 6 6 6 6 6 6 6 6 6 3 3 3 3 3 3 3 3 3 3 3 3 3 3 3 3 3 3 3 3 3 3 3 3 3 3 3 3 3 3 3 3 3 3 3 3 3 3 3 3 3 3 3 3 3 3 3 3 3 3 3 3 3 0 0 0 0 0 0 0 0 0 0 0 0 0 0 0 0 0 0 0 
0 0 0 0 0 0 0 0 0 0 0 0 0 0 0 0 0 0 0 0 0 0 0 0 0 0 0 0 0 0 0 0 0 0 0 0 0 0 0 0 0 0 0 0 0 0 3 3 3 3 3 3 3 3 3 3 3 3 3 3 3 3 3 3 3 3 3 3 3 3 3 3 3 3 3 3 3 3 3 3 3 3 3 3 3 3 3 3 3 3 6 6 6 6 6 6 6 6 6 6 6 6 6 6 6 6 6 6 6 6 6 6 6 6 6 6 6 6 6 6 6 6 6 6 6 6 6 6 6 6 6 3 3 3 3 3 3 3 3 3 3 3 3 3 3 3 3 3 3 3 3 3 3 3 3 3 3 3 3 3 3 3 3 3 3 3 3 3 3 3 3 3 3 3 3 3 3 3 3 3 3 3 0 0 0 0 0 0 0 0 0 0 0 0 0 0 0 0 0 0 
0 0 0 0 0 0 0 0 0 0 0 0 0 0 0 0 0 0 0 0 0 0 0 0 0 0 0 0 0 0 0 0 0 0 0 0 0 0 0 0 0 0 0 0 0 3 3 3 3 3 3 3 3 3 3 3 3 3 3 3 3 3 3 3 3 3 3 3 3 3 3 3 3 3 3 3 3 3 3 3 3 3 3 3 3 3 3 3 6 6 6 6 6 6 6 6 6 6 6 6 6 6 6 6 6 6 6 6 6 6 6 6 6 6 6 6 6 6 6 6 6 6 6 6 6 6 6 6 6 6 6 6 6 3 3 3 3 3 3 3 3 3 3 3 3 3 3 3 3 3 3 3 3 3 3 3 3 3 3 3 3 3 3 3 3 3 3 3 3 3 3 3 3 3 3 3 3 3 3 3 3 3 3 0 0 0 0 0 0 0 0 0 0 0 0 0 0 0 0 0 
0 0 0 0 0 0 0 0 0 0 0 0 0 0 0 0 0 0 0 0 0 0 0 0 0 0 0 0 0 0 0 0 0 0 0 0 0 0 0 0 0 0 0 3 3 3 3 3 3 3 3 3 3 3 3 3 3 3 3 3 3 3 3 3 3 3 3 3 3 3 3 3 3 3 3 3 3 3 3 3 3 3 3 3 3 3 6 6 6 6 6 6 6 6 6 6 6 6 6 6 6 10 10 10 10 10 10 10 10 10 6 6 6 6 6 6 6 6 6 6 6 6 6 6 6 6 6 6 6 6 6 6 6 6 6 3 3 3 3 3 3 3 3 3 3 3 3 3 3 3 3 3 3 3 3 3 3 3 3 3 3 3 3 3 3 3 3 3 3 3 3 3 3 3 3 3 3 3 3 3 3 3 3 3 0 0 0 0 0 0 0 0 0 0 0 0 0 0 0 0 
0 0 0 0 0 0 0 0 0 0 0 0 0 0 0 0 0 0 0 0 0 0 0 0 0 0 0 0 0 0 0 0 0 0 0 0 0 0 0 0 0 3 3 3 3 3 3 3 3 3 3 3 3 3 3 3 3 3 3 3 3 3 3 3 3 3 3 3 3 3 3 3 3 3 3 3 3 3 3 3 3 3 3 3 6 6 6 6 6 6 6 6 6 6 6 6 6 6 6 10 10 10 10 10 10 10 10 10 10 10 10 10 6 6 6 6 6 6 6 6 6 6 6 6 6 6 6 6 6 6 6 6 6 6 6 6 3 3 3 3 3 3 3 3 3 3 3 3 3 3 3 3 3 3 3 3 3 3 3 3 3 3 3 3 3 3 3 3 3 3 3 3 3 3 3 3 3 3 3 3 3 3 3 3 3 0 0 0 0 0 0 0 0 0 0 0 0 0 0 0 
0 0 0 0 0 0 0 0 0 0 0 0 0 0 0 0 0 0 0 0 0 0 0 0 0 0 0 0 0 0 0 0 0 0 0 0 0 0 0 0 3 3 3 3 3 3 3 3 3 3 3 3 3 3 3 3 3 3 3 3 3 3 3 3 3 3 3 3 3 3 3 3 3 3 3 3 3 3 3 3 3 3 3 6 6 6 6 6 6 6 6 6 6 6 6 6 6 6 10 10 10 10 10 13 16 16 13 13 10 10 10 10 10 10 6 6 6 6 6 6 6 6 6 6 6 6 6 6 6 6 6 6 6 6 6 6 6 6 3 3 3 3 3 3 3 3 3 3 3 3 3 3 3 3 3 3 3 3 3 3 3 3 3 3 3 3 3 3 3 3 3 3 3 3 3 3 3 3 3 3 3 3 3 3 3 0 0 0 0 0 0 0 0 0 0 0 0 0 0 0 
0 0 0 0 0 0 0 0 0 0 0 0 0 0 0 0 0 0 0 0 0 0 0 0 0 0 0 0 0 0 0 0 0 0 0 0 0 0 0 3 3 3 3 3 3 3 3 3 3 3 3 3 3 3 3 3 3 3 3 3 3 3 3 3 3 3 3 3 3 3 3 3 3 3 3 3 3 3 3 3 3 6 6 6 6 6 6 6 6 6 6 6 6 6 6 6 10 10 10 10 10 13 13 13 20 0 16 13 13 10 10 10 10 10 10 6 6 6 6 6 6 6 6 6 6 6 6 6 6 6 6 6 6 6 6 6 6 6 6 6 3 3 3 3 3 3 3 3 3 3 3 3 3 3 3 3 3 3 3 3 3 3 3 3 3 3 3 3 3 3 3 3 3 3 3 3 3 3 3 3 3 3 3 3 3 3 0 0 0 0 0 0 0 0 0 0 0 0 0 0 
0 0 0 0 0 0 0 0 0 0 0 0 0 0 0 0 0 0 0 0 0 0 0 0 0 0 0 0 0 0 0 0 0 0 0 0 0 3 3 3 3 3 3 3 3 3 3 3 3 3 3 3 3 3 3 3 3 3 3 3 3 3 3 3 3 3 3 3 3 3 3 3 3 3 3 3 3 3 3 3 6 6 6 6 6 6 6 6 6 6 6 6 6 6 6 10 10 10 10 10 10 13 13 20 0 0 20 13 13 13 10 10 10 10 10 10 10 6 6 6 6 6 6 6 6 6 6 6 6 6 6 6 6 6 6 6 6 6 6 6 6 3 3 3 3 3 3 3 3 3 3 3 3 3 3 3 3 3 3 3 3 3 3 3 3 3 3 3 3 3 3 3 3 3 3 3 3 3 3 3 3 3 3 3 3 3 3 0 0 0 0 0 0 0 0 0 0 0 0 0 
0 0 0 0 0 0 0 0 0 0 0 0 0 0 0 0 0 0 0 0 0 0 0 0 0 0 0 0 0 0 0 0 0 0 0 0 3 3 3 3 3 3 3 3 3 3 3 3 3 3 3 3 3 3 3 3 3 3 3 3 3 3 3 3 3 3 3 3 3 3 3 3 3 3 3 3 3 3 6 6 6 6 6 6 6 6 6 6 6 6 6 6 6 6 10 10 10 10 10 10 13 13 16 0 0 0 23 16 13 13 10 10 10 10 10 10 10 10 6 6 6 6 6 6 6 6 6 6 6 6 6 6 6 6 6 6 6 6 6 6 6 6 6 3 3 3 3 3 3 3 3 3 3 3 3 3 3 3 3 3 3 3 3 3 3 3 3 3 3 3 3 3 3 3 3 3 3 3 3 3 3 3 3 3 3 3 3 3 0 0 0 0 0 0 0 0 0 0 0 0 
0 0 0 0 0 0 0 0 0 0 0 0 0 0 0 0 0 0 0 0 0 0 0 0 0 0 0 0 0 0 0 0 0 0 0 3 3 3 3 3 3 3 3 3 3 3 3 3 3 3 3 3 3 3 3 3 3 3 3 3 3 3 3 3 3 3 3 3 3 3 3 3 3 3 3 3 3 6 6 6 6 6 6 6 6 6 6 6 6 6 6 6 6 10 10 10 10 10 10 13 13 16 20 0 0 138 0 23 13 13 13 10 10 10 10 10 10 10 10 6 6 6 6 6 6 6 6 6 6 6 6 6 6 6 6 6 6 6 6 6 6 6 6 6 3 3 3 3 3 3 3 3 3 3 3 3 3 3 3 3 3 3 3 3 3 3 3 3 3 3 3 3 3 3 3 3 3 3 3 3 3 3 3 3 3 3 3 3 3 0 0 0 0 0 0 0 0 0 0 0 
0 0 0 0 0 0 0 0 0 0 0 0 0 0 0 0 0 0 0 0 0 0 0 0 0 0 0 0 0 0 0 0 0 3 3 3 3 3 3 3 3 3 3 3 3 3 3 3 3 3 3 3 3 3 3 3 3 3 3 3 3 3 3 3 3 3 3 3 3 3 3 3 3 3 3 3 6 6 6 6 6 6 6 6 6 6 6 6 6 6 6 6 10 10 10 10 10 10 10 13 16 16 20 33 0 0 0 83 16 13 13 13 10 10 10 10 10 10 10 10 6 6 6 6 6 6 6 6 6 6 6 6 6 6 6 6 6 6 6 6 6 6 6 6 6 6 3 3 3 3 3 3 3 3 3 3 3 3 3 3 3 3 3 3 3 3 3 3 3 3 3 3 3 3 3 3 3 3 3 3 3 3 3 3 3 3 3 3 3 0 0 0 0 0 0 0 0 0 0 0 
0 0 0 0 0 0 0 0 0 0 0 0 0 0 0 0 0 0 0 0 0 0 0 0 0 0 0 0 0 0 0 0 3 3 3 3 3 3 3 3 3 3 3 3 3 3 3 3 3 3 3 3 3 3 3 3 3 3 3 3 3 3 3 3 3 3 3 3 3 3 3 3 3 3 6 6 6 6 6 6 6 6 6 6 6 6 6 6 6 6 6 6 10 10 10 10 10 10 13 13 16 20 26 0 0 0 0 30 20 16 13 13 10 10 10 10 10 10 10 10 10 6 6 6 6 6 6 6 6 6 6 6 6 6 6 6 6 6 6 6 6 6 6 6 6 6 6 3 3 3 3 3 3 3 3 3 3 3 3 3 3 3 3 3 3 3 3 3 3 3 3 3 3 3 3 3 3 3 3 3 3 3 3 3 3 3 3 3 3 3 0 0 0 0 0 0 0 0 0 0 
0 0 0 0 0 0 0 0 0 0 0 0 0 0 0 0 0 0 0 0 0 0 0 0 0 0 0 0 0 0 0 3 3 3 3 3 3 3 3 3 3 3 3 3 3 3 3 3 3 3 3 3 3 3 3 3 3 3 3 3 3 3 3 3 3 3 3 3 3 3 3 3 3 6 6 6 6 6 6 6 6 6 6 6 6 6 6 6 6 6 6 10 10 10 10 10 10 10 13 16 20 30 60 0 0 0 0 53 20 16 16 13 13 10 10 10 10 10 10 10 10 10 6 6 6 6 6 6 6 6 6 6 6 6 6 6 6 6 6 6 6 6 6 6 6 6 6 6 6 3 3 3 3 3 3 3 3 3 3 3 3 3 3 3 3 3 3 3 3 3 3 3 3 3 3 3 3 3 3 3 3 3 3 3 3 3 3 3 3 3 3 0 0 0 0 0 0 0 0 0 
0 0 0 0 0 0 0 0 0 0 0 0 0 0 0 0 0 0 0 0 0 0 0 0 0 0 0 0 0 0 3 3 3 3 3 3 3 3 3 3 3 3 3 3 3 3 3 3 3 3 3 3 3 3 3 3 3 3 3 3 3 3 3 3 3 3 3 3 3 3 3 3 6 6 6 6 6 6 6 6 6 6 6 6 6 6 6 6 6 6 10 10 10 10 10 10 10 13 16 26 26 0 0 0 0 0 0 36 20 16 16 16 13 13 10 10 10 10 10 10 10 10 10 6 6 6 6 6 6 6 6 6 6 6 6 6 6 6 6 6 6 6 6 6 6 6 6 6 6 6 3 3 3 3 3 3 3 3 3 3 3 3 3 3 3 3 3 3 3 3 3 3 3 3 3 3 3 3 3 3 3 3 3 3 3 3 3 3 3 3 3 0 0 0 0 0 0 0 0 0 
0 0 0 0 0 0 0 0 0 0 0 0 0 0 0 0 0 0 0 0 0 0 0 0 0 0 0 0 0 3 3 3 3 3 3 3 3 3 3 3 3 3 3 3 3 3 3 3 3 3 3 3 3 3 3 3 3 3 3 3 3 3 3 3 3 3 3 3 3 3 3 6 6 6 6 6 6 6 6 6 6 6 6 6 6 6 6 6 6 6 10 10 10 10 10 10 13 13 20 0 0 60 0 0 0 0 161 40 23 20 16 16 13 13 10 10 10 10 10 10 10 10 10 10 6 6 6 6 6 6 6 6 6 6 6 6 6 6 6 6 6 6 6 6 6 6 6 6 6 6 6 3 3 3 3 3 3 3 3 3 3 3 3 3 3 3 3 3 3 3 3 3 3 3 3 3 3 3 3 3 3 3 3 3 3 3 3 3 3 3 3 3 0 0 0 0 0 0 0 0 
0 0 0 0 0 0 0 0 0 0 0 0 0 0 0 0 0 0 0 0 0 0 0 0 0 0 0 0 3 3 3 3 3 3 3 3 3 3 3 3 3 3 3 3 3 3 3 3 3 3 3 3 3 3 3 3 3 3 3 3 3 3 3 3 3 3 3 3 3 3 6 6 6 6 6 6 6 6 6 6 6 6 6 6 6 6 6 6 6 10 10 10 10 10 10 10 13 13 20 36 0 0 155 0 0 0 0 33 26 23 23 20 16 13 13 10 10 10 10 10 10 10 10 10 10 6 6 6 6 6 6 6 6 6 6 6 6 6 6 6 6 6 6 6 6 6 6 6 6 6 6 6 6 3 3 3 3 3 3 3 3 3 3 3 3 3 3 3 3 3 3 3 3 3 3 3 3 3 3 3 3 3 3 3 3 3 3 3 3 3 3 3 3 0 0 0 0 0 0 0 
0 0 0 0 0 0 0 0 0 0 0 0 0 0 0 0 0 0 0 0 0 0 0 0 0 0 0 3 3 3 3 3 3 3 3 3 3 3 3 3 3 3 3 3 3 3 3 3 3 3 3 3 3 3 3 3 3 3 3 3 3 3 3 3 3 3 3 3 3 6 6 6 6 6 6 6 6 6 6 6 6 6 6 6 6 6 6 6 10 10 10 10 10 10 10 13 13 16 20 0 0 135 0 0 0 0 80 36 36 0 0 23 20 16 13 13 10 10 10 10 10 10 10 10 10 10 6 6 6 6 6 6 6 6 6 6 6 6 6 6 6 6 6 6 6 6 6 6 6 6 6 6 6 6 3 3 3 3 3 3 3 3 3 3 3 3 3 3 3 3 3 3 3 3 3 3 3 3 3 3 3 3 3 3 3 3 3 3 3 3 3 3 3 0 0 0 0 0 0 0 
0 0 0 0 0 0 0 0 0 0 0 0 0 0 0 0 0 0 0 0 0 0 0 0 0 0 3 3 3 3 3 3 3 3 3 3 3 3 3 3 3 3 3 3 3 3 3 3 3 3 3 3 3 3 3 3 3 3 3 3 3 3 3 3 3 3 3 3 6 6 6 6 6 6 6 6 6 6 6 6 6 6 6 6 6 6 6 6 10 10 10 10 10 10 13 13 13 16 20 0 0 80 0 0 0 0 0 43 46 0 0 36 0 33 16 13 13 10 10 10 10 10 10 10 10 10 10 6 6 6 6 6 6 6 6 6 6 6 6 6 6 6 6 6 6 6 6 6 6 6 6 6 6 6 6 6 3 3 3 3 3 3 3 3 3 3 3 3 3 3 3 3 3 3 3 3 3 3 3 3 3 3 3 3 3 3 3 3 3 3 3 3 3 3 0 0 0 0 0 0 
0 0 0 0 0 0 0 0 0 0 0 0 0 0 0 0 0 0 0 0 0 0 0 0 0 3 3 3 3 3 3 3 3 3 3 3 3 3 3 3 3 3 3 3 3 3 3 3 3 3 3 3 3 3 3 3 3 3 3 3 3 3 3 3 3 3 3 6 6 6 6 6 6 6 6 6 6 6 6 6 6 6 6 6 6 6 6 10 10 10 10 10 10 13 13 13 16 16 20 50 135 56 0 101 0 0 0 53 53 0 0 0 0 30 16 13 13 13 10 10 10 10 10 10 10 10 10 10 6 6 6 6 6 6 6 6 6 6 6 6 6 6 6 6 6 6 6 6 6 6 6 6 6 6 6 6 6 3 3 3 3 3 3 3 3 3 3 3 3 3 3 3 3 3 3 3 3 3 3 3 3 3 3 3 3 3 3 3 3 3 3 3 3 3 0 0 0 0 0 0 
0 0 0 0 0 0 0 0 0 0 0 0 0 0 0 0 0 0 0 0 0 0 0 0 3 3 3 3 3 3 3 3 3 3 3 3 3 3 3 3 3 3 3 3 3 3 3 3 3 3 3 3 3 3 3 3 3 3 3 3 3 3 3 3 3 3 6 6 6 6 6 6 6 6 6 6 6 6 6 6 6 6 6 6 6 6 10 10 10 10 10 10 10 13 13 13 16 16 20 30 0 43 60 0 0 0 0 0 0 0 0 0 0 30 20 16 13 13 13 13 10 10 10 10 10 10 10 10 10 6 6 6 6 6 6 6 6 6 6 6 6 6 6 6 6 6 6 6 6 6 6 6 6 6 6 6 6 6 3 3 3 3 3 3 3 3 3 3 3 3 3 3 3 3 3 3 3 3 3 3 3 3 3 3 3 3 3 3 3 3 3 3 3 3 3 0 0 0 0 0 
0 0 0 0 0 0 0 0 0 0 0 0 0 0 0 0 0 0 0 0 0 0 0 3 3 3 3 3 3 3 3 3 3 3 3 3 3 3 3 3 3 3 3 3 3 3 3 3 3 3 3 3 3 3 3 3 3 3 3 3 3 3 3 3 3 6 6 6 6 6 6 6 6 6 6 6 6 6 6 6 6 6 6 6 6 6 10 10 10 10 10 10 13 13 13 13 16 16 20 26 33 40 0 0 0 0 131 111 0 138 0 0 0 26 20 16 13 13 13 13 13 10 10 10 10 10 10 10 10 10 6 6 6 6 6 6 6 6 6 6 6 6 6 6 6 6 6 6 6 6 6 6 6 6 6 6 6 6 6 6 3 3 3 3 3 3 3 3 3 3 3 3 3 3 3 3 3 3 3 3 3 3 3 3 3 3 3 3 3 3 3 3 3 3 3 3 0 0 0 0 
0 0 0 0 0 0 0 0 0 0 0 0 0 0 0 0 0 0 0 0 0 0 3 3 3 3 3 3 3 3 3 3 3 3 3 3 3 3 3 3 3 3 3 3 3 3 3 3 3 3 3 3 3 3 3 3 3 3 3 3 3 3 3 3 6 6 6 6 6 6 6 6 6 6 6 6 6 6 6 6 6 6 6 6 6 10 10 10 10 10 10 13 13 13 13 16 16 20 20 26 30 40 0 0 0 155 0 0 0 0 0 0 40 23 20 16 16 13 13 13 13 13 13 10 10 10 10 10 10 10 10 10 6 6 6 6 6 6 6 6 6 6 6 6 6 6 6 6 6 6 6 6 6 6 6 6 6 6 6 6 6 3 3 3 3 3 3 3 3 3 3 3 3 3 3 3 3 3 3 3 3 3 3 3 3 3 3 3 3 3 3 3 3 3 3 3 0 0 0 0 
0 0 0 0 0 0 0 0 0 0 0 0 0 0 0 0 0 0 0 0 0 3 3 3 3 3 3 3 3 3 3 3 3 3 3 3 3 3 3 3 3 3 3 3 3 3 3 3 3 3 3 3 3 3 3 3 3 3 3 3 3 3 3 6 6 6 6 6 6 6 6 6 6 6 6 6 6 6 6 6 6 6 6 6 6 10 10 10 10 10 13 13 13 13 13 16 16 20 23 26 33 0 76 0 0 0 0 0 0 0 0 53 33 23 20 16 16 16 13 13 13 13 13 13 13 10 10 10 10 10 10 10 10 6 6 6 6 6 6 6 6 6 6 6 6 6 6 6 6 6 6 6 6 6 6 6 6 6 6 6 6 6 3 3 3 3 3 3 3 3 3 3 3 3 3 3 3 3 3 3 3 3 3 3 3 3 3 3 3 3 3 3 3 3 3 3 3 0 0 0 
0 0 0 0 0 0 0 0 0 0 0 0 0 0 0 0 0 0 0 0 3 3 3 3 3 3 3 3 3 3 3 3 3 3 3 3 3 3 3 3 3 3 3 3 3 3 3 3 3 3 3 3 3 3 3 3 3 3 3 3 3 3 6 6 6 6 6 6 6 6 6 6 6 6 6 6 6 6 6 6 6 6 6 6 10 10 10 10 10 13 13 13 13 13 16 16 20 20 23 30 0 0 0 0 0 0 0 0 0 138 90 53 0 30 23 16 16 16 13 13 13 13 13 13 13 13 10 10 10 10 10 10 10 10 10 6 6 6 6 6 6 6 6 6 6 6 6 6 6 6 6 6 6 6 6 6 6 6 6 6 6 6 6 6 3 3 3 3 3 3 3 3 3 3 3 3 3 3 3 3 3 3 3 3 3 3 3 3 3 3 3 3 3 3 3 3 3 0 0 0 
0 0 0 0 0 0 0 0 0 0 0 0 0 0 0 0 0 0 0 3 3 3 3 3 3 3 3 3 3 3 3 3 3 3 3 3 3 3 3 3 3 3 3 3 3 3 3 3 3 3 3 3 3 3 3 3 3 3 3 3 3 6 6 6 6 6 6 6 6 6 6 6 6 6 6 6 6 6 6 6 6 6 6 10 10 10 10 10 13 13 13 13 13 13 16 20 20 23 33 36 0 93 0 0 0 0 0 0 0 0 0 0 108 36 23 20 16 16 16 13 13 13 13 13 13 13 13 13 10 10 10 10 10 10 10 10 10 6 6 6 6 6 6 6 6 6 6 6 6 6 6 6 6 6 6 6 6 6 6 6 6 6 6 6 6 3 3 3 3 3 3 3 3 3 3 3 3 3 3 3 3 3 3 3 3 3 3 3 3 3 3 3 3 3 3 3 3 3 0 0 
0 0 0 0 0 0 0 0 0 0 0 0 0 0 0 0 0 0 3 3 3 3 3 3 3 3 3 3 3 3 3 3 3 3 3 3 3 3 3 3 3 3 3 3 3 3 3 3 3 3 3 3 3 3 3 3 3 3 3 3 6 6 6 6 6 6 6 6 6 6 6 6 6 6 6 6 6 6 6 6 6 6 6 10 10 10 10 13 13 13 13 13 13 16 20 23 23 26 0 50 0 0 0 0 0 0 0 0 0 0 0 0 0 0 33 20 16 16 16 16 13 13 13 13 13 13 13 13 13 13 10 10 10 10 10 10 10 10 10 6 6 6 6 6 6 6 6 6 6 6 6 6 6 6 6 6 6 6 6 6 6 6 6 6 6 6 6 3 3 3 3 3 3 3 3 3 3 3 3 3 3 3 3 3 3 3 3 3 3 3 3 3 3 3 3 3 3 3 0 0 
0 0 0 0 0 0 0 0 0 0 0 0 0 0 0 0 0 0 3 3 3 3 3 3 3 3 3 3 3 3 3 3 3 3 3 3 3 3 3 3 3 3 3 3 3 3 3 3 3 3 3 3 3 3 3 3 3 3 3 6 6 6 6 6 6 6 6 6 6 6 6 6 6 6 6 6 6 6 6 6 6 6 10 10 10 10 13 13 13 13 13 13 16 20 0 36 30 43 0 0 0 0 0 0 0 0 0 0 0 0 0 0 0 0 40 23 20 16 16 16 16 13 13 13 13 13 13 13 13 13 13 13 10 10 10 10 10 10 10 10 10 10 6 6 6 6 6 6 6 6 6 6 6 6 6 6 6 6 6 6 6 6 6 6 6 6 6 6 3 3 3 3 3 3 3 3 3 3 3 3 3 3 3 3 3 3 3 3 3 3 3 3 3 3 3 3 3 3 3 0 
0 0 0 0 0 0 0 0 0 0 0 0 0 0 0 0 0 3 3 3 3 3 3 3 3 3 3 3 3 3 3 3 3 3 3 3 3 3 3 3 3 3 3 3 3 3 3 3 3 3 3 3 3 3 3 3 3 3 6 6 6 6 6 6 6 6 6 6 6 6 6 6 6 6 6 6 6 6 6 6 6 10 10 10 10 10 13 13 13 13 16 16 16 20 0 0 46 0 95 0 0 0 0 0 0 0 0 0 0 0 0 0 0 118 30 23 20 20 16 16 16 16 13 13 13 13 13 13 13 13 13 13 13 10 10 10 10 10 10 10 10 10 10 10 10 6 6 6 6 6 6 6 6 6 6 6 6 6 6 6 6 6 6 6 6 6 6 6 6 6 3 3 3 3 3 3 3 3 3 3 3 3 3 3 3 3 3 3 3 3 3 3 3 3 3 3 3 3 3 0 
0 0 0 0 0 0 0 0 0 0 0 0 0 0 0 0 3 3 3 3 3 3 3 3 3 3 3 3 3 3 3 3 3 3 3 3 3 3 3 3 3 3 3 3 3 3 3 3 3 3 3 3 3 3 3 3 3 6 6 6 6 6 6 6 6 6 6 6 6 6 6 6 6 6 6 6 6 6 6 6 10 10 10 10 10 13 13 13 16 16 16 16 20 23 43 0 0 60 0 0 0 0 0 0 0 0 0 0 0 0 0 108 76 40 30 23 20 20 20 16 16 16 16 16 16 16 16 16 16 16 16 13 13 13 13 10 10 10 10 10 10 10 10 10 10 10 10 10 10 10 6 6 6 6 6 6 6 6 6 6 6 6 6 6 6 6 6 6 6 6 6 3 3 3 3 3 3 3 3 3 3 3 3 3 3 3 3 3 3 3 3 3 3 3 3 3 3 3 3 0 
0 0 0 0 0 0 0 0 0 0 0 0 0 0 0 3 3 3 3 3 3 3 3 3 3 3 3 3 3 3 3 3 3 3 3 3 3 3 3 3 3 3 3 3 3 3 3 3 3 3 3 3 3 3 3 3 6 6 6 6 6 6 6 6 6 6 6 6 6 6 6 6 6 6 6 6 6 6 6 6 10 10 10 10 13 13 16 16 16 16 16 20 20 30 0 0 0 0 0 0 0 0 0 0 0 0 0 0 0 0 0 0 76 76 30 23 23 20 20 20 20 20 16 16 16 16 16 16 16 16 16 16 16 13 13 13 10 10 10 10 10 10 10 10 10 10 10 10 10 10 10 10 10 10 10 6 6 6 6 6 6 6 6 6 6 6 6 6 6 6 6 6 6 3 3 3 3 3 3 3 3 3 3 3 3 3 3 3 3 3 3 3 3 3 3 3 3 3 3 3 
0 0 0 0 0 0 0 0 0 0 0 0 0 0 3 3 3 3 3 3 3 3 3 3 3 3 3 3 3 3 3 3 3 3 3 3 3 3 3 3 3 3 3 3 3 3 3 3 3 3 3 3 3 3 3 6 6 6 6 6 6 6 6 6 6 6 6 6 6 6 6 6 6 6 6 6 6 6 6 10 10 10 10 10 13 16 16 16 16 20 20 20 23 53 0 0 0 0 0 0 0 0 0 0 0 0 0 0 0 0 0 0 111 0 33 23 23 20 20 20 20 20 20 23 20 20 20 20 16 16 20 20 23 16 13 13 13 10 10 10 10 10 10 10 10 10 10 10 10 10 10 10 10 10 10 10 10 10 10 10 6 6 6 6 6 6 6 6 6 6 6 6 6 6 3 3 3 3 3 3 3 3 3 3 3 3 3 3 3 3 3 3 3 3 3 3 3 3 3 3 
0 0 0 0 0 0 0 0 0 0 0 0 0 0 3 3 3 3 3 3 3 3 3 3 3 3 3 3 3 3 3 3 3 3 3 3 3 3 3 3 3 3 3 3 3 3 3 3 3 3 3 3 3 3 6 6 6 6 6 6 6 6 6 6 6 6 6 6 6 6 6 6 6 6 6 6 6 6 10 10 10 10 10 13 13 20 20 20 23 23 23 23 26 161 93 0 0 0 0 0 0 0 0 0 0 0 0 0 0 0 0 0 0 0 0 26 23 23 23 20 20 23 23 40 30 23 20 20 20 23 0 76 0 23 16 13 13 13 13 10 10 10 10 10 10 10 10 10 10 10 10 10 10 10 10 10 10 10 10 10 10 10 10 6 6 6 6 6 6 6 6 6 6 6 6 6 3 3 3 3 3 3 3 3 3 3 3 3 3 3 3 3 3 3 3 3 3 3 3 3 
0 0 0 0 0 0 0 0 0 0 0 0 0 3 3 3 3 3 3 3 3 3 3 3 3 3 3 3 3 3 3 3 3 3 3 3 3 3 3 3 3 3 3 3 3 3 3 3 3 3 3 3 3 6 6 6 6 6 6 6 6 6 6 6 6 6 6 6 6 6 6 6 6 6 6 6 6 10 10 10 10 10 13 13 16 0 0 26 60 33 26 26 30 0 56 76 0 0 0 0 0 0 0 0 0 0 0 0 0 0 0 158 0 0 43 30 26 23 23 23 23 26 30 53 131 26 23 23 23 26 0 0 0 23 16 16 13 13 13 13 10 10 10 10 10 10 10 10 10 10 10 10 10 10 10 10 10 10 10 10 10 10 10 10 10 6 6 6 6 6 6 6 6 6 6 6 6 3 3 3 3 3 3 3 3 3 3 3 3 3 3 3 3 3 3 3 3 3 3 3 
0 0 0 0 0 0 0 0 0 0 0 0 3 3 3 3 3 3 3 3 3 3 3 3 3 3 3 3 3 3 3 3 3 3 3 3 3 3 3 3 3 3 3 3 3 3 3 3 3 3 3 3 6 6 6 6 6 6 6 6 6 6 6 6 6 6 6 6 6 6 6 6 6 6 6 6 10 10 10 10 10 10 13 13 20 43 0 40 0 53 0 30 33 40 50 0 0 0 0 0 0 0 0 0 0 0 0 0 0 0 0 0 83 50 36 30 26 26 26 26 33 46 0 0 0 33 36 0 30 33 60 0 0 23 20 16 13 13 13 13 13 10 10 10 10 10 10 10 10 10 10 10 10 10 10 10 10 10 10 10 10 10 10 10 10 10 10 10 6 6 6 6 6 6 6 6 6 6 6 3 3 3 3 3 3 3 3 3 3 3 3 3 3 3 3 3 3 3 3 3 
0 0 0 0 0 0 0 0 0 0 0 0 3 3 3 3 3 3 3 3 3 3 3 3 3 3 3 3 3 3 3 3 3 3 3 3 3 3 3 3 3 3 3 3 3 3 3 3 3 3 3 6 6 6 6 6 6 6 6 6 6 6 6 6 6 6 6 6 6 6 6 6 6 6 6 10 10 10 10 10 10 13 13 16 20 0 0 0 0 0 0 0 36 43 50 115 138 0 0 0 0 0 0 0 0 0 0 0 0 0 0 0 98 0 36 30 30 26 26 30 0 0 111 0 0 46 0 0 0 56 0 0 46 26 20 16 16 13 13 13 13 13 13 10 10 10 10 10 10 10 10 10 10 10 10 10 10 10 10 10 10 10 10 10 10 10 10 10 10 6 6 6 6 6 6 6 6 6 6 6 3 3 3 3 3 3 3 3 3 3 3 3 3 3 3 3 3 3 3 3 
0 0 0 0 0 0 0 0 0 0 0 3 3 3 3 3 3 3 3 3 3 3 3 3 3 3 3 3 3 3 3 3 3 3 3 3 3 3 3 3 3 3 3 3 3 3 3 3 3 3 6 6 6 6 6 6 6 6 6 6 6 6 6 6 6 6 6 6 6 6 6 6 6 6 10 10 10 10 10 10 13 13 13 16 20 0 0 0 0 0 0 151 0 50 0 73 0 0 0 0 0 0 0 0 0 0 0 0 0 0 0 0 111 0 40 30 30 30 30 40 0 0 0 0 0 0 0 0 0 0 0 141 0 46 20 16 16 13 13 13 13 13 13 13 10 10 10 10 10 10 10 10 10 10 10 10 10 10 10 10 10 10 10 10 10 10 10 10 10 10 10 6 6 6 6 6 6 6 6 6 6 3 3 3 3 3 3 3 3 3 3 3 3 3 3 3 3 3 3 3 
0 0 0 0 0 0 0 0 0 0 3 3 3 3 3 3 3 3 3 3 3 3 3 3 3 3 3 3 3 3 3 3 3 3 3 3 3 3 3 3 3 3 3 3 3 3 3 3 3 6 6 6 6 6 6 6 6 6 6 6 6 6 6 6 6 6 6 6 6 6 6 6 6 10 10 10 10 10 10 10 13 13 13 16 20 70 53 0 0 0 0 0 0 151 0 83 105 0 0 0 0 0 0 0 0 0 0 0 0 0 0 0 0 0 0 33 30 30 33 43 148 131 0 0 0 0 0 0 0 0 0 0 0 0 26 16 16 16 13 13 13 13 13 13 13 10 10 10 10 10 10 10 10 10 10 10 10 10 10 10 10 10 10 10 13 13 13 13 10 10 10 10 6 6 6 6 6 6 6 6 6 6 6 3 3 3 3 3 3 3 3 3 3 3 3 3 3 3 3 3 
0 0 0 0 0 0 0 0 0 0 3 3 3 3 3 3 3 3 3 3 3 3 3 3 3 3 3 3 3 3 3 3 3 3 3 3 3 3 3 3 3 3 3 3 3 3 3 3 6 6 6 6 6 6 6 6 6 6 6 6 6 6 6 6 6 6 6 6 6 6 6 6 10 10 10 10 10 10 10 13 13 13 16 16 20 26 40 0 0 0 0 0 0 0 0 0 111 0 0 0 0 0 0 0 0 0 0 0 0 0 0 0 0 0 0 36 33 33 33 43 76 63 0 108 0 0 0 0 0 0 0 0 0 50 26 20 16 16 13 13 13 13 13 13 13 13 13 10 10 10 10 10 10 10 10 10 10 10 10 10 10 13 13 13 13 13 13 13 13 13 10 10 10 6 6 6 6 6 6 6 6 6 6 6 3 3 3 3 3 3 3 3 3 3 3 3 3 3 3 3 
0 0 0 0 0 0 0 0 0 3 3 3 3 3 3 3 3 3 3 3 3 3 3 3 3 3 3 3 3 3 3 3 3 3 3 3 3 3 3 3 3 3 3 3 3 3 3 6 6 6 6 6 6 6 6 6 6 6 6 6 6 6 6 6 6 6 6 6 6 6 10 10 10 10 10 10 10 10 10 13 13 13 16 16 20 23 36 0 0 0 0 0 0 0 0 0 0 161 0 0 0 0 0 0 0 0 0 0 0 0 0 0 0 66 46 40 36 36 36 40 53 56 66 0 0 0 0 0 0 0 0 0 0 63 23 20 16 16 16 13 13 13 13 13 13 13 13 13 13 10 10 10 10 10 10 10 10 10 10 13 13 13 13 13 13 13 13 16 16 20 13 10 10 10 10 6 6 6 6 6 6 6 6 6 6 3 3 3 3 3 3 3 3 3 3 3 3 3 3 3 
0 0 0 0 0 0 0 0 0 3 3 3 3 3 3 3 3 3 3 3 3 3 3 3 3 3 3 3 3 3 3 3 3 3 3 3 3 3 3 3 3 3 3 3 3 3 3 6 6 6 6 6 6 6 6 6 6 6 6 6 6 6 6 6 6 6 6 6 6 10 10 10 10 10 10 10 10 10 13 13 13 13 16 16 20 26 0 0 0 0 0 0 0 0 0 0 0 151 0 0 0 0 0 0 0 0 0 0 0 0 0 111 76 60 46 40 36 36 40 40 46 53 0 0 0 0 0 0 0 0 0 0 0 131 23 20 20 16 16 16 13 13 13 13 13 13 13 13 13 13 13 13 13 13 13 13 13 13 13 13 13 13 13 13 13 16 20 20 26 0 16 13 10 10 10 10 6 6 6 6 6 6 6 6 6 6 3 3 3 3 3 3 3 3 3 3 3 3 3 3 
0 0 0 0 0 0 0 0 3 3 3 3 3 3 3 3 3 3 3 3 3 3 3 3 3 3 3 3 3 3 3 3 3 3 3 3 3 3 3 3 3 3 3 3 3 3 6 6 6 6 6 6 6 6 6 6 6 6 6 6 6 6 6 6 6 6 6 10 10 10 10 10 10 10 10 10 10 10 13 13 13 13 16 16 20 26 46 0 0 0 0 0 0 0 0 0 0 0 0 0 0 0 0 0 0 0 0 0 0 0 0 0 80 98 63 43 40 40 40 43 46 50 70 0 0 0 0 0 0 0 0 0 76 33 23 23 20 20 16 16 13 13 13 13 13 13 13 13 13 13 13 13 13 13 13 13 13 13 13 13 16 16 16 16 16 20 0 0 80 60 16 13 13 10 10 10 10 6 6 6 6 6 6 6 6 6 6 3 3 3 3 3 3 3 3 3 3 3 3 3 
0 0 0 0 0 0 0 3 3 3 3 3 3 3 3 3 3 3 3 3 3 3 3 3 3 3 3 3 3 3 3 3 3 3 3 3 3 3 3 3 3 3 3 3 3 6 6 6 6 6 6 6 6 6 6 6 6 6 6 6 6 6 6 6 6 10 10 10 10 10 10 10 10 10 10 10 10 13 13 13 13 13 16 20 20 33 0 0 0 0 0 0 0 0 0 0 0 0 0 0 0 0 0 0 0 0 0 0 0 0 0 0 95 145 73 50 46 43 43 43 46 53 0 0 0 0 0 0 0 0 0 0 0 30 26 23 20 20 20 16 16 13 13 13 13 13 13 13 13 13 13 13 13 13 13 13 13 16 16 16 16 16 16 16 20 23 0 135 0 101 20 13 13 10 10 10 10 10 6 6 6 6 6 6 6 6 6 6 3 3 3 3 3 3 3 3 3 3 3 3 
0 0 0 0 0 0 0 3 3 3 3 3 3 3 3 3 3 3 3 3 3 3 3 3 3 3 3 3 3 3 3 3 3 3 3 3 3 3 3 3 3 3 3 3 6 6 6 6 6 6 6 6 6 6 6 6 6 6 6 6 6 6 6 10 10 10 10 10 10 10 10 10 10 10 10 10 13 13 13 13 13 13 16 20 20 30 0 0 0 0 0 0 0 145 0 0 0 0 0 0 0 0 0 0 0 0 0 0 0 0 0 0 118 0 0 0 60 46 43 46 53 56 63 90 0 0 0 0 0 0 0 0 46 33 26 26 23 20 20 20 16 16 13 13 13 13 13 13 13 13 13 13 13 13 16 16 16 20 23 20 20 16 20 20 23 26 56 0 0 0 20 16 13 13 10 10 10 10 6 6 6 6 6 6 6 6 6 6 6 3 3 3 3 3 3 3 3 3 3 3 
0 0 0 0 0 0 3 3 3 3 3 3 3 3 3 3 3 3 3 3 3 3 3 3 3 3 3 3 3 3 3 3 3 3 3 3 3 3 3 3 3 3 3 6 6 6 6 6 6 6 6 6 6 6 6 6 6 6 6 6 6 10 10 10 10 10 10 10 10 10 10 10 10 10 10 10 13 13 13 13 13 16 16 20 23 30 73 0 0 0 0 0 0 128 0 0 0 0 0 0 0 0 0 0 0 0 0 0 0 0 0 0 148 0 0 0 95 50 46 50 0 0 70 80 98 128 0 0 0 0 121 0 43 33 30 26 26 23 20 20 20 16 16 16 13 13 13 13 13 13 13 13 16 16 16 16 20 33 40 23 23 23 26 26 26 30 46 0 0 36 23 16 13 13 10 10 10 10 10 6 6 6 6 6 6 6 6 6 6 6 3 3 3 3 3 3 3 3 3 3 
0 0 0 0 0 0 3 3 3 3 3 3 3 3 3 3 3 3 3 3 3 3 3 3 3 3 3 3 3 3 3 3 3 3 3 3 3 3 3 3 3 3 6 6 6 6 6 6 6 6 6 6 6 6 6 6 6 6 6 10 10 10 10 10 10 10 10 10 10 10 10 10 10 10 10 13 13 13 13 13 13 16 16 20 26 33 46 0 0 0 0 0 0 111 0 0 0 0 0 0 0 0 0 0 0 0 0 0 0 0 0 0 0 0 0 0 0 53 50 56 0 0 0 93 0 125 148 0 0 0 0 60 43 36 33 43 36 30 23 23 23 20 16 16 16 16 16 16 16 16 16 16 16 16 16 20 23 0 161 53 26 30 0 36 0 0 80 0 0 53 40 20 13 13 13 10 10 10 10 10 6 6 6 6 6 6 6 6 6 6 6 3 3 3 3 3 3 3 3 3 
0 0 0 0 0 3 3 3 3 3 3 3 3 3 3 3 3 3 3 3 3 3 3 3 3 3 3 3 3 3 3 3 3 3 3 3 3 3 3 3 3 6 6 6 6 6 6 6 6 6 6 6 6 6 6 6 6 10 10 10 10 10 10 10 10 10 10 10 10 10 10 10 10 10 13 13 13 13 13 13 13 16 20 23 63 0 0 0 0 0 0 0 0 98 0 0 0 0 0 0 0 0 0 0 0 0 0 0 0 0 0 0 0 0 0 0 0 56 60 73 0 0 0 0 0 0 0 0 0 0 128 0 43 40 0 0 0 36 26 26 26 23 20 16 16 16 16 16 16 16 16 16 16 16 16 20 23 43 0 0 33 0 0 0 0 0 0 0 0 0 0 26 13 13 13 10 10 10 10 10 10 6 6 6 6 6 6 6 6 6 6 6 3 3 3 3 3 3 3 3 
0 0 0 0 0 3 3 3 3 3 3 3 3 3 3 3 3 3 3 3 3 3 3 3 3 3 3 3 3 3 3 3 3 3 3 3 3 3 3 3 6 6 6 6 6 6 6 6 6 6 6 6 6 6 6 10 10 10 10 10 10 10 10 10 10 10 10 10 10 10 10 10 10 10 13 13 13 13 13 13 13 16 20 0 70 0 0 0 0 0 0 138 95 86 0 0 0 0 0 0 0 0 0 0 0 0 158 0 0 0 0 0 0 0 0 0 70 63 0 0 0 0 0 0 0 0 0 0 0 0 0 108 46 46 0 0 0 60 43 43 0 26 20 20 16 16 16 16 16 16 16 16 16 16 20 23 33 0 0 0 53 50 0 0 0 0 0 0 0 0 0 23 16 13 13 10 10 10 10 10 10 10 6 6 6 6 6 6 6 6 6 6 6 3 3 3 3 3 3 3 
0 0 0 0 3 3 3 3 3 3 3 3 3 3 3 3 3 3 3 3 3 3 3 3 3 3 3 3 3 3 3 3 3 3 3 3 3 3 3 6 6 6 6 6 6 6 6 6 6 6 6 6 6 10 10 10 10 10 10 10 10 10 10 10 10 10 10 10 10 10 10 10 10 13 13 13 13 13 13 13 16 16 20 40 0 0 0 0 138 0 0 0 98 76 101 0 0 0 0 0 0 0 0 0 0 151 151 0 0 0 0 0 0 0 0 0 73 70 95 0 0 0 0 0 0 0 0 0 0 0 0 0 53 50 56 80 0 0 0 0 0 30 23 20 20 16 16 16 16 16 16 16 16 20 23 26 0 0 0 0 86 70 0 0 0 0 0 0 0 105 40 23 16 13 13 13 10 10 10 10 10 10 6 6 6 6 6 6 6 6 6 6 6 3 3 3 3 3 3 3 
0 0 0 0 3 3 3 3 3 3 3 3 3 3 3 3 3 3 3 3 3 3 3 3 3 3 3 3 3 3 3 3 3 3 3 3 3 3 6 6 6 6 6 6 6 6 6 6 6 6 6 10 10 10 10 10 10 10 10 10 10 10 10 10 10 10 10 10 10 10 10 10 13 13 13 13 13 13 13 13 16 16 20 30 43 0 0 0 0 93 0 0 118 70 118 0 0 0 135 161 0 0 0 0 155 141 148 0 0 0 0 0 0 0 0 0 76 76 86 0 0 0 0 0 0 0 0 0 0 0 0 80 56 53 60 0 0 0 0 0 0 40 23 20 20 20 20 16 16 16 16 16 20 20 0 76 53 0 0 0 0 0 0 0 0 0 0 0 0 0 0 20 16 16 13 13 10 10 10 10 10 10 10 6 6 6 6 6 6 6 6 6 6 6 3 3 3 3 3 3 
0 0 0 3 3 3 3 3 3 3 3 3 3 3 3 3 3 3 3 3 3 3 3 3 3 3 3 3 3 3 3 3 3 3 3 3 3 6 6 6 6 6 6 6 6 6 6 6 6 10 10 10 10 10 10 10 10 10 10 10 10 10 10 10 10 10 10 10 10 10 10 13 13 13 13 13 13 13 13 13 16 16 20 23 33 135 0 0 128 76 0 70 60 63 0 0 0 0 131 108 0 0 131 115 121 135 151 0 0 0 0 0 0 0 0 0 83 80 90 105 131 0 0 0 0 0 0 0 0 0 105 73 0 101 73 98 0 0 0 0 0 33 23 23 20 20 20 20 20 20 20 20 20 23 50 0 0 0 0 0 0 0 0 0 0 0 0 0 0 0 0 23 20 16 16 13 13 10 10 10 10 10 10 10 6 6 6 6 6 6 6 6 6 6 6 3 3 3 3 3 
0 0 0 3 3 3 3 3 3 3 3 3 3 3 3 3 3 3 3 3 3 3 3 3 3 3 3 3 3 3 3 3 3 3 3 3 6 6 6 6 6 6 6 6 6 6 6 10 10 10 10 10 10 10 10 10 10 10 10 10 10 10 10 10 10 10 10 10 10 10 13 13 13 13 13 13 13 13 13 16 16 20 20 23 30 0 0 0 0 66 60 56 56 56 0 0 0 0 0 93 0 0 0 111 0 0 0 0 0 0 0 0 0 0 0 0 90 86 0 0 0 0 0 0 0 0 0 0 0 138 95 86 0 0 0 98 0 0 0 0 0 30 26 23 20 20 20 20 20 20 20 20 23 23 36 0 0 0 0 131 0 0 0 0 0 0 0 0 0 0 33 23 20 16 16 13 13 10 10 10 10 10 10 10 6 6 6 6 6 6 6 6 6 6 6 3 3 3 3 3 
0 0 3 3 3 3 3 3 3 3 3 3 3 3 3 3 3 3 3 3 3 3 3 3 3 3 3 3 3 3 3 3 3 3 3 6 6 6 6 6 6 6 6 6 6 6 10 10 10 10 10 10 10 10 10 10 10 10 10 10 10 10 10 10 10 10 10 10 10 13 13 13 13 13 13 13 13 13 13 16 16 20 20 23 26 43 0 0 0 60 56 50 50 53 83 0 0 0 0 86 83 86 98 108 148 0 0 0 0 0 0 0 0 0 151 118 95 0 0 0 0 0 0 0 0 0 0 0 0 115 101 115 141 0 0 0 148 0 0 0 0 33 26 26 23 20 20 20 20 20 20 23 23 26 40 0 0 0 148 108 0 0 0 0 0 0 0 0 0 0 33 23 20 20 16 16 13 13 10 10 10 10 10 10 10 6 6 6 6 6 6 6 6 6 6 6 3 3 3 3 
0 0 3 3 3 3 3 3 3 3 3 3 3 3 3 3 3 3 3 3 3 3 3 3 3 3 3 3 3 3 3 3 3 3 6 6 6 6 6 6 6 6 6 6 10 10 10 10 10 10 10 10 10 10 10 10 10 10 10 10 10 10 10 10 10 10 10 10 13 13 13 13 13 13 13 13 13 13 16 16 16 20 20 23 30 0 0 0 76 60 53 50 50 50 0 60 66 0 0 83 80 86 98 0 0 0 0 0 0 0 0 0 0 0 0 108 115 0 0 0 0 0 0 0 0 0 0 151 135 121 0 0 0 0 0 0 0 0 0 0 43 33 30 26 23 23 20 20 20 20 23 23 23 26 0 0 80 0 0 93 0 0 0 0 0 0 0 0 0 0 33 26 23 23 16 16 16 13 13 10 10 10 10 10 10 10 6 6 6 6 6 6 6 6 6 6 6 3 3 3 
0 0 3 3 3 3 3 3 3 3 3 3 3 3 3 3 3 3 3 3 3 3 3 3 3 3 3 3 3 3 3 3 3 6 6 6 6 6 6 6 6 6 6 10 10 10 10 10 10 10 10 10 10 10 10 10 10 10 10 10 10 10 10 10 10 10 10 13 13 13 13 13 13 13 13 13 13 16 16 16 16 20 20 23 30 0 0 0 111 60 50 46 46 46 50 53 56 73 0 76 76 86 0 0 0 0 0 0 0 0 0 0 0 0 0 111 115 0 0 0 0 0 0 0 0 0 0 158 0 0 0 0 0 0 0 0 0 0 0 60 46 43 40 30 26 26 23 23 23 23 23 23 23 30 46 0 60 53 60 0 0 0 0 0 0 0 0 0 0 0 33 30 30 26 23 20 16 16 13 13 10 10 10 10 10 10 6 6 6 6 6 6 6 6 6 6 6 3 3 3 
0 3 3 3 3 3 3 3 3 3 3 3 3 3 3 3 3 3 3 3 3 3 3 3 3 3 3 3 3 3 3 3 6 6 6 6 6 6 6 6 6 6 10 10 10 10 10 10 10 10 10 10 10 10 10 10 10 10 10 10 10 10 10 10 10 10 13 13 13 13 13 13 13 13 13 13 16 16 16 16 16 20 20 23 26 53 0 0 0 86 50 46 43 43 46 50 50 56 63 70 73 101 0 0 0 0 0 0 0 0 0 0 0 0 0 118 118 135 0 0 0 0 0 0 0 0 0 0 0 0 0 0 0 0 0 0 0 0 0 95 53 0 0 40 36 40 26 23 23 23 23 23 26 30 43 0 60 50 56 0 0 0 0 0 0 0 0 0 76 50 36 36 0 0 33 23 20 20 13 13 10 10 10 10 10 10 10 6 6 6 6 6 6 6 6 6 6 6 3 3 
0 3 3 3 3 3 3 3 3 3 3 3 3 3 3 3 3 3 3 3 3 3 3 3 3 3 3 3 3 3 6 6 6 6 6 6 6 6 6 6 10 10 10 10 10 10 10 10 10 10 10 10 10 10 10 10 10 10 10 10 10 10 10 10 13 13 13 13 13 13 13 13 13 13 13 16 16 16 16 16 20 20 20 23 26 30 36 0 0 0 46 43 43 43 43 46 50 53 60 66 73 90 0 0 0 0 0 0 0 0 0 0 0 0 135 125 131 0 0 0 0 0 0 0 0 0 0 0 0 0 0 0 0 0 0 0 0 0 101 66 56 73 0 0 66 50 30 26 26 26 26 26 26 30 33 46 46 46 50 63 0 101 0 0 0 0 0 0 0 50 40 43 70 0 56 36 0 0 16 13 13 13 10 10 10 10 10 10 6 6 6 6 6 6 6 6 6 6 3 3 
3 3 3 3 3 3 3 3 3 3 3 3 3 3 3 3 3 3 3 3 3 3 3 3 3 3 3 3 3 6 6 6 6 6 6 6 6 6 6 10 10 10 10 10 13 13 13 13 13 13 13 13 10 10 10 10 10 10 10 10 10 13 13 13 13 13 13 13 13 13 13 13 13 13 16 16 16 16 16 16 20 20 20 23 23 26 33 73 50 46 40 40 40 43 43 46 50 53 60 66 0 0 0 0 0 0 0 0 0 0 0 0 0 148 138 0 0 0 0 0 0 0 0 0 0 0 0 0 0 0 0 0 0 0 0 0 155 121 93 0 0 0 0 0 0 0 30 26 26 26 26 26 30 30 33 36 43 43 46 53 0 83 108 118 145 0 0 0 0 0 46 46 63 0 0 0 0 33 20 16 13 13 13 10 10 10 10 10 10 6 6 6 6 6 6 6 6 6 6 3 
3 3 3 3 3 3 3 3 3 3 3 3 3 3 3 3 3 3 3 3 3 3 3 3 3 3 3 3 6 6 6 6 6 6 6 6 6 6 10 10 10 10 13 13 13 13 13 13 13 13 13 13 13 13 13 13 13 13 13 13 13 13 13 13 13 13 13 13 13 13 13 13 16 16 16 16 16 16 16 20 20 20 20 23 23 26 30 36 36 36 40 40 40 40 43 43 50 53 66 93 0 111 0 0 0 0 0 0 0 0 0 0 0 148 145 0 0 0 0 0 0 0 0 0 0 0 0 0 0 0 0 0 0 0 0 0 0 135 0 0 0 105 0 0 0 95 33 30 26 26 26 26 30 30 33 36 40 43 46 53 66 76 101 121 0 0 0 0 0 0 53 56 73 0 0 0 0 0 20 16 13 13 13 13 10 10 10 10 10 6 6 6 6 6 6 6 6 6 6 3 
3 3 3 3 3 3 3 3 3 3 3 3 3 3 3 3 3 3 3 3 3 3 3 3 3 3 3 6 6 6 6 6 6 6 6 6 6 10 10 10 10 13 16 16 16 13 13 13 13 13 13 13 13 13 13 13 13 13 13 13 13 13 13 13 13 13 13 13 16 16 16 16 16 16 16 16 16 16 16 20 20 20 20 23 23 26 26 30 33 33 36 36 40 40 43 43 50 60 0 0 0 0 0 0 0 0 0 0 0 0 0 0 0 155 148 158 0 0 0 0 0 0 0 0 0 0 0 0 0 0 0 0 0 0 0 0 0 0 0 0 0 0 0 0 0 43 33 33 30 30 30 30 30 33 33 36 40 43 50 56 70 83 0 0 0 0 0 0 0 73 93 0 80 0 0 0 0 30 20 16 16 13 13 13 13 13 10 10 10 10 6 6 6 6 6 6 6 6 6 3 
3 3 3 3 3 3 3 3 3 3 3 3 3 3 3 3 3 3 3 3 3 3 3 3 3 3 6 6 6 6 6 6 6 6 6 6 10 10 10 10 13 16 0 23 16 16 16 13 13 13 13 13 13 13 13 13 13 13 13 13 13 13 13 13 16 16 16 16 16 16 16 16 16 16 16 16 16 16 20 20 20 20 20 23 23 26 26 30 33 33 33 36 36 40 40 43 50 0 0 0 0 0 0 0 0 0 0 0 0 0 0 0 0 158 155 0 0 0 0 0 0 0 0 0 0 0 0 0 0 0 0 0 0 0 0 0 0 0 0 0 0 0 0 0 0 46 40 33 33 30 30 30 33 33 33 36 40 43 53 0 0 115 0 0 0 0 0 0 0 83 0 0 0 0 0 0 0 26 23 16 16 16 13 13 13 13 13 10 10 10 10 6 6 6 6 6 6 6 6 6 
3 3 3 3 3 3 3 3 3 3 3 3 3 3 3 3 3 3 3 3 3 3 3 3 3 6 6 6 6 6 6 6 6 6 6 10 10 10 10 13 13 16 0 40 30 20 16 16 16 13 13 13 13 13 13 13 13 13 13 16 16 16 16 16 16 16 16 16 16 16 16 16 16 16 16 16 16 16 20 20 20 20 23 23 23 26 26 30 30 33 33 36 36 36 40 43 56 0 0 0 0 0 0 0 0 0 0 0 0 0 0 0 0 161 161 0 0 0 0 0 0 0 0 0 0 0 0 0 0 0 0 0 0 0 0 0 0 0 0 0 0 0 0 0 63 53 95 43 40 50 33 33 33 33 36 40 40 43 66 0 0 0 0 0 0 0 0 0 111 95 115 0 0 0 0 105 40 30 23 20 16 16 16 13 13 13 13 13 13 10 10 10 6 6 6 6 6 6 6 6 
3 3 3 3 3 3 3 3 3 3 3 3 3 3 3 3 3 3 3 3 3 3 3 3 6 6 6 6 6 6 6 6 6 6 10 10 10 10 13 13 16 20 50 0 0 23 20 20 16 16 16 16 16 16 16 16 16 16 16 16 16 20 20 20 20 16 16 16 16 16 16 16 16 16 16 16 16 20 20 20 20 20 23 23 23 26 26 30 30 33 33 36 36 36 40 43 0 0 0 0 0 0 0 0 0 0 0 0 0 0 0 0 0 0 0 0 0 0 0 0 0 0 0 0 0 0 0 0 0 0 0 0 0 0 0 0 0 0 0 0 0 0 0 131 66 66 0 0 0 0 36 36 33 36 36 40 43 46 53 0 0 0 0 0 0 0 0 0 118 0 0 0 0 0 0 0 46 0 30 23 16 16 16 16 13 13 13 13 13 13 10 10 10 6 6 6 6 6 6 6 
3 3 3 3 3 3 3 3 3 3 3 3 3 3 3 3 3 3 3 3 3 3 3 6 6 6 6 6 6 6 6 6 6 10 10 10 10 10 13 13 16 23 0 0 76 26 30 26 0 20 16 16 16 16 16 16 16 16 16 16 20 23 0 26 20 20 20 16 16 16 16 16 16 16 16 16 20 20 20 20 20 23 23 23 23 26 26 30 30 33 33 33 36 36 40 43 56 73 0 0 0 0 0 0 0 0 0 0 0 0 0 0 0 0 0 0 0 0 0 0 0 0 0 0 0 0 0 0 0 0 0 0 0 0 0 0 0 0 0 0 0 0 131 98 0 76 0 0 0 105 40 36 36 40 43 43 43 46 56 0 0 0 0 0 0 0 0 145 0 0 0 0 0 0 0 80 60 0 0 33 20 16 16 16 16 16 16 16 16 13 13 10 10 10 6 6 6 6 6 6 
3 3 3 3 3 3 3 3 3 3 3 3 3 3 3 3 3 3 3 3 3 3 6 6 6 6 6 6 6 6 6 6 6 10 10 10 10 13 13 13 20 30 0 0 0 36 0 0 60 23 20 16 16 16 16 16 16 16 20 20 20 30 0 0 23 20 20 20 20 16 16 16 16 16 20 20 20 20 20 20 23 23 23 23 26 26 26 30 30 30 33 33 36 36 40 43 46 56 0 0 0 0 0 0 0 0 0 0 0 0 0 0 0 0 0 0 0 0 0 0 0 0 0 0 0 0 0 0 0 0 0 0 0 0 0 0 0 0 0 0 0 0 151 0 0 0 0 0 0 90 43 40 40 43 0 50 46 50 0 0 0 0 0 0 0 0 0 155 0 0 0 0 0 161 128 125 0 0 0 0 23 20 20 20 20 20 20 20 16 16 16 13 10 10 6 6 6 6 6 6 
3 3 3 3 3 3 3 3 3 3 3 3 3 3 3 3 3 3 3 3 3 6 6 6 6 6 6 6 6 6 6 6 10 10 10 10 10 13 13 13 26 73 0 0 0 50 0 0 0 23 20 20 20 16 16 16 16 20 20 23 23 0 0 43 30 23 20 20 20 20 20 20 20 20 20 20 20 20 20 23 23 23 23 23 26 26 26 30 30 30 33 33 36 36 40 43 46 56 0 0 0 0 0 0 0 0 0 0 0 0 0 0 0 0 0 0 0 0 0 0 0 0 0 0 0 0 0 0 0 0 0 0 0 0 0 0 0 0 0 0 0 0 0 0 0 0 0 0 0 66 46 46 46 53 158 76 53 53 0 151 0 148 0 0 0 0 0 0 0 0 0 0 0 0 0 0 0 0 0 36 23 23 20 20 20 26 0 23 23 0 0 16 13 10 10 6 6 6 6 6 
3 3 3 3 3 3 3 3 3 3 3 3 3 3 3 3 3 3 3 6 6 6 6 6 6 6 6 6 6 6 6 10 10 10 10 10 10 13 13 16 23 0 0 0 0 101 0 0 43 26 23 20 20 20 20 20 20 23 23 23 30 46 0 73 0 30 23 23 20 20 20 20 20 20 20 20 23 23 23 23 23 23 23 23 26 26 26 30 30 30 33 36 36 36 40 43 46 53 90 0 0 0 0 155 0 0 0 0 0 0 0 0 0 0 0 0 0 0 0 0 0 0 0 0 0 0 0 0 0 0 0 0 0 0 0 0 0 0 0 0 0 0 0 0 0 0 0 0 0 63 56 0 70 0 0 0 60 60 0 90 118 0 0 0 0 0 0 0 0 0 0 0 0 0 0 0 0 0 63 36 26 23 23 23 30 0 0 73 0 0 33 16 13 10 10 10 6 6 6 6 
3 3 3 3 3 3 3 3 3 3 3 3 3 3 3 3 3 3 6 6 6 6 6 6 6 6 6 6 6 6 10 10 10 10 10 10 13 13 13 16 23 0 60 0 0 0 0 0 56 63 30 23 20 20 20 23 26 30 26 36 40 70 0 0 141 33 26 23 23 23 23 23 23 23 23 23 23 23 23 23 23 23 23 26 26 26 30 30 30 30 33 36 36 40 40 43 46 66 121 0 0 0 0 145 0 0 0 0 0 0 0 0 0 0 0 0 0 0 0 0 0 0 0 0 0 0 0 0 0 0 0 0 0 0 0 0 0 0 0 0 0 0 0 0 0 0 0 0 0 66 73 0 0 0 0 0 73 63 73 83 0 0 0 0 0 0 0 0 0 0 0 0 0 0 0 0 0 125 70 0 36 26 26 26 40 0 0 0 0 0 0 16 13 13 10 10 10 6 6 6 
3 3 3 3 3 3 3 3 3 3 3 3 3 3 3 3 3 6 6 6 6 6 6 6 6 6 6 6 6 10 10 10 10 10 10 10 13 13 13 16 20 40 43 155 0 0 0 0 0 0 36 26 23 23 23 23 33 0 36 0 0 0 0 0 0 40 26 26 23 23 23 23 26 33 26 26 23 23 23 23 23 23 26 26 26 30 30 30 30 33 33 36 36 40 43 43 46 0 0 0 0 0 128 141 0 0 0 0 0 0 0 0 0 0 0 0 0 0 0 0 0 0 0 0 0 0 0 0 0 0 0 0 0 0 0 0 0 0 0 0 0 0 0 0 0 0 0 0 0 73 73 0 0 0 0 0 0 70 73 80 0 0 0 0 0 0 0 0 0 0 0 0 0 0 0 0 0 0 0 0 0 30 26 30 80 80 0 0 0 0 0 20 13 13 10 10 10 6 6 6 
3 3 3 3 3 3 3 3 3 3 3 3 3 3 3 3 6 6 6 6 6 6 6 6 6 6 6 6 6 10 10 10 10 10 10 13 13 13 16 16 23 30 40 115 0 0 0 0 0 95 33 26 26 23 23 30 0 0 0 0 0 0 0 0 0 50 30 26 26 26 26 26 43 0 30 26 26 26 23 23 23 26 26 26 30 30 30 30 30 33 36 36 40 40 43 43 50 63 0 121 0 0 115 0 0 0 0 0 0 0 0 0 0 0 0 0 0 0 0 0 0 0 0 0 0 0 0 0 0 0 0 0 0 0 0 0 0 0 0 0 0 0 0 0 0 0 161 135 98 86 0 0 0 0 0 0 98 80 80 83 0 0 0 0 0 0 0 0 0 0 0 0 0 0 0 0 0 0 0 0 50 33 30 33 40 50 0 0 0 0 30 20 16 13 13 10 10 10 6 6 
3 3 3 3 3 3 3 3 3 3 3 3 3 3 3 6 6 6 6 6 6 6 6 6 6 6 6 6 10 10 10 10 10 10 10 13 13 13 16 20 23 30 90 0 0 0 0 0 0 73 0 30 26 26 30 0 101 0 0 0 0 0 0 0 0 46 33 30 30 40 30 33 73 0 0 30 26 26 26 26 26 26 26 30 30 30 30 30 33 33 36 40 40 43 43 46 50 70 0 98 0 0 101 118 0 0 0 0 0 0 0 0 0 0 0 0 0 0 0 0 0 0 0 0 0 0 0 0 0 0 0 0 0 0 0 0 0 0 0 0 0 0 0 0 0 0 161 0 115 0 0 108 155 0 0 0 151 0 0 90 0 0 0 0 0 0 0 0 0 0 0 0 0 0 0 0 0 0 0 0 73 46 36 36 40 50 0 125 0 83 36 30 20 13 13 10 10 10 10 6 
3 3 3 3 3 3 3 3 3 3 3 3 3 3 6 6 6 6 6 6 6 6 6 6 6 6 6 10 10 10 10 10 10 10 10 13 13 16 16 20 23 0 0 0 0 0 0 0 0 0 0 36 30 30 30 0 0 0 0 0 0 0 0 0 125 50 36 33 40 0 43 63 105 0 0 36 30 30 26 26 30 30 30 30 30 30 30 33 33 36 46 43 50 46 46 50 50 60 0 86 83 86 98 0 0 0 0 0 0 0 0 0 0 0 0 0 0 0 0 0 0 0 0 0 0 0 0 0 0 0 0 0 0 0 0 0 0 0 0 0 0 0 0 0 0 0 0 0 0 0 0 0 0 0 0 0 0 0 138 98 118 141 0 0 0 0 0 0 0 0 0 0 0 0 0 0 0 0 0 0 0 0 43 40 43 60 0 0 0 0 50 0 46 16 13 13 10 10 10 6 
3 3 3 3 3 3 3 3 3 3 3 3 3 3 6 6 6 6 6 6 6 6 6 6 6 6 6 10 10 10 10 10 10 10 13 13 16 16 16 23 30 0 0 0 0 0 0 0 0 0 0 36 33 30 36 0 76 93 0 0 0 0 0 0 0 50 40 40 0 0 0 0 0 0 0 40 33 30 30 30 33 36 36 33 33 33 33 33 36 40 70 56 0 53 50 50 53 56 0 80 80 83 0 0 0 0 0 0 0 0 0 0 0 0 0 0 0 0 0 0 0 0 0 0 0 0 0 0 0 0 0 0 0 0 0 0 0 0 0 0 0 0 0 0 0 0 0 0 0 0 0 0 0 0 0 0 0 0 138 105 111 0 0 0 0 0 0 0 0 0 0 0 0 0 0 0 0 0 0 0 0 111 53 70 50 76 0 0 0 95 0 0 56 20 16 13 10 10 10 6 
3 3 3 3 3 3 3 3 3 3 3 3 3 6 6 6 6 6 6 6 6 6 6 6 6 6 10 10 10 10 10 10 10 10 13 13 16 16 20 0 0 101 0 0 0 0 0 0 0 0 76 43 33 33 36 0 60 0 0 0 0 0 0 0 0 63 43 46 76 0 0 0 0 0 0 43 33 33 33 33 36 0 46 36 33 33 33 36 36 40 0 0 0 0 60 53 56 60 66 73 76 83 0 0 0 0 0 0 0 0 0 0 0 0 0 0 0 0 0 0 0 0 0 0 0 0 0 0 0 0 0 0 0 0 0 0 0 0 0 0 0 0 0 0 0 0 0 0 0 0 0 0 0 0 0 0 0 0 0 0 118 0 0 0 0 0 0 0 0 0 0 0 0 0 0 0 0 0 0 0 155 86 0 0 0 93 0 0 0 0 0 0 33 20 16 16 13 10 10 10 
3 3 3 3 3 3 3 3 3 3 3 3 6 6 6 6 6 6 6 6 6 6 6 6 6 10 10 10 10 10 10 10 10 13 13 16 16 20 23 0 0 0 0 0 0 0 0 0 0 0 0 0 40 36 40 46 53 70 0 0 0 0 0 0 93 53 46 50 63 0 0 0 0 0 0 43 36 36 0 40 43 0 0 0 36 36 36 36 40 43 66 0 0 0 125 63 60 60 66 70 73 83 0 0 0 0 0 0 0 0 0 0 0 0 0 0 0 0 0 0 0 0 0 0 0 0 0 0 0 0 0 0 0 0 0 0 0 0 0 0 0 0 0 0 0 0 0 0 0 0 0 0 0 0 0 0 0 0 0 0 125 0 0 0 0 0 0 0 0 0 0 0 0 0 0 0 0 0 0 0 0 0 0 0 0 83 0 0 0 0 0 0 0 23 20 16 16 10 10 10 
3 3 3 3 3 3 3 3 3 3 3 6 6 6 6 6 6 6 6 6 6 6 6 6 10 10 10 10 10 10 10 10 10 13 13 16 20 20 23 0 0 0 0 0 0 0 0 0 0 0 0 0 43 40 40 46 53 60 98 135 0 0 0 0 0 0 53 53 60 0 0 0 0 0 135 46 43 135 0 0 0 0 0 0 40 40 36 40 43 50 0 0 0 0 0 73 63 63 66 70 73 80 98 0 0 0 0 0 0 0 0 0 0 0 0 0 0 0 0 0 0 0 0 0 0 0 0 0 0 0 0 0 0 0 0 0 0 0 0 0 0 0 0 0 0 0 0 0 0 0 0 0 0 0 0 0 0 0 0 0 135 151 0 0 0 0 0 0 0 0 0 0 0 0 0 0 0 0 0 0 0 0 0 0 0 101 0 0 0 0 0 0 86 30 23 0 30 13 10 10 
3 3 3 3 3 3 3 3 3 3 6 6 6 6 6 6 6 6 6 6 6 6 6 6 10 10 10 10 10 10 10 10 10 13 16 20 23 26 30 0 0 0 0 0 0 0 0 0 0 0 118 60 46 43 43 46 53 66 80 105 0 161 0 0 0 0 60 60 76 90 0 0 0 0 115 50 50 0 0 118 0 0 0 0 43 40 43 56 50 0 0 0 0 0 0 0 128 66 66 73 76 80 98 0 0 0 0 0 0 0 0 0 0 0 0 0 0 0 0 0 0 0 0 0 0 0 0 0 0 0 0 0 0 0 0 0 0 0 0 0 0 0 0 0 0 0 0 0 0 0 0 0 0 0 0 0 0 0 0 0 141 148 0 0 0 0 0 0 0 0 0 0 0 0 0 0 0 0 0 0 0 0 0 0 0 138 0 0 0 0 0 0 0 40 36 0 0 16 13 10 
3 3 3 3 3 3 3 3 3 6 6 6 6 6 6 6 6 6 6 6 6 6 6 10 10 10 10 10 10 10 10 10 13 13 16 43 76 83 46 46 66 0 0 0 0 0 0 0 0 0 0 93 0 0 50 50 0 0 108 0 0 0 0 0 0 0 70 0 0 0 128 161 0 0 0 53 56 73 0 0 0 0 0 0 46 43 46 105 98 0 0 0 0 0 0 0 0 73 73 76 80 80 151 0 0 151 0 0 0 0 0 0 0 0 0 0 0 0 0 0 0 0 0 0 0 0 0 0 0 0 0 0 0 0 0 0 0 0 0 0 0 0 0 0 0 0 0 0 0 0 0 0 0 0 0 0 0 0 0 0 161 155 0 0 0 0 0 0 0 0 0 0 0 0 0 0 0 0 0 0 0 0 0 0 0 155 0 0 0 0 0 0 0 0 46 0 53 20 13 10 
3 3 3 3 3 3 3 3 3 6 6 6 6 6 6 6 6 6 6 6 6 6 10 10 10 10 10 10 10 10 10 13 13 13 20 0 0 0 145 0 125 121 0 0 0 0 0 0 0 0 0 0 0 0 56 53 93 0 0 0 0 0 0 0 0 93 0 0 0 0 0 0 0 0 0 63 60 70 0 0 0 0 0 86 53 50 0 0 0 148 0 0 0 0 0 0 93 0 83 141 83 86 0 141 128 135 0 0 0 0 0 0 0 0 0 0 0 0 0 0 0 0 0 0 0 0 0 0 0 0 0 0 0 0 0 0 0 0 0 0 0 0 0 0 0 0 0 0 0 0 0 0 0 0 0 0 0 0 0 0 0 0 0 0 0 0 0 0 0 0 0 0 0 0 0 0 0 0 0 0 0 0 0 0 0 0 0 0 0 0 0 0 0 0 118 0 0 26 16 13 
3 3 3 3 3 3 3 3 6 6 6 6 6 6 6 6 6 6 6 6 6 6 10 10 10 10 10 10 10 10 10 13 13 16 20 0 0 0 0 0 0 0 0 0 0 0 0 0 0 0 0 0 0 0 63 70 0 0 0 0 0 0 0 0 158 98 95 141 0 0 0 0 0 0 0 70 70 76 108 0 0 0 0 0 53 53 0 0 0 0 0 0 0 0 0 0 108 0 0 0 101 90 98 118 115 0 0 0 0 0 0 0 0 0 0 0 0 0 0 0 0 0 0 0 0 0 0 0 0 0 0 0 0 0 0 0 0 0 0 0 0 0 0 0 0 0 0 0 0 0 0 0 0 0 0 0 0 0 0 0 0 0 0 0 0 0 0 0 0 0 0 0 0 0 0 0 0 0 0 0 0 0 148 0 0 0 0 0 0 0 0 0 0 0 0 0 0 0 26 13 
3 3 3 3 3 3 3 6 6 6 6 6 6 6 6 6 6 6 6 6 6 10 10 10 10 10 10 10 10 10 13 13 13 16 20 26 0 0 0 0 0 0 0 0 0 0 0 0 0 0 0 0 0 0 70 121 0 0 0 0 0 0 0 0 128 0 0 0 0 0 0 0 0 0 95 0 0 0 161 141 0 0 0 76 60 60 86 86 0 0 0 0 0 0 0 0 135 0 0 0 161 95 98 105 111 0 0 0 0 0 0 0 0 0 0 0 0 0 0 0 0 0 0 0 0 0 0 0 0 0 0 0 0 0 0 0 0 0 0 0 0 0 0 0 0 0 0 0 0 0 0 0 0 0 0 0 0 0 0 0 0 0 0 0 0 0 0 0 0 0 0 0 0 0 0 0 0 0 0 0 0 0 0 0 0 0 0 0 0 0 0 0 0 0 0 0 0 0 0 16 
3 3 3 3 3 3 3 6 6 6 6 6 6 6 6 6 6 6 6 6 10 10 10 10 10 10 10 10 10 13 13 13 16 16 20 26 0 0 0 0 0 0 0 0 0 0 0 0 0 0 0 0 0 0 76 86 0 145 0 0 0 0 0 158 131 138 0 0 0 0 0 0 0 138 98 105 0 0 0 0 0 0 0 118 63 63 70 86 0 0 0 0 0 0 0 0 0 0 0 0 0 105 101 105 111 128 0 0 0 0 0 0 0 0 0 0 0 0 0 0 0 0 0 0 0 0 0 0 0 0 0 0 0 0 0 0 0 0 0 0 0 0 0 0 0 0 0 0 0 0 0 0 161 0 0 0 0 0 0 0 0 0 0 0 0 0 0 0 0 0 0 0 0 0 0 0 0 0 0 0 0 0 0 108 0 0 0 148 0 0 0 0 0 0 0 0 0 131 0 20 
3 3 3 3 3 3 6 6 6 6 6 6 6 6 6 6 6 6 6 6 10 10 10 10 10 10 10 10 13 13 13 13 16 16 20 26 101 0 0 0 0 0 0 0 0 0 0 158 0 0 0 0 0 0 86 86 0 0 0 0 0 0 0 155 0 0 0 0 0 0 0 0 155 128 0 0 0 0 0 0 0 0 0 0 73 66 73 80 0 0 0 0 0 0 0 0 0 0 0 0 0 108 105 108 111 121 0 0 0 0 0 0 0 0 0 0 0 0 0 0 0 0 0 0 0 0 0 0 0 0 0 0 0 0 0 0 0 0 0 0 0 0 0 0 0 0 0 0 0 0 0 0 151 151 0 0 0 0 0 0 0 0 0 0 0 0 0 0 0 0 0 0 0 0 0 0 0 0 0 0 0 0 0 86 95 0 98 0 0 0 0 0 161 0 46 33 0 0 20 13 
3 3 3 3 3 6 6 6 6 6 6 6 6 6 6 6 6 6 6 10 10 10 10 10 10 10 10 13 13 13 13 16 16 16 20 30 53 0 0 0 0 0 0 0 0 0 0 148 0 0 0 0 0 0 95 101 0 0 0 0 0 0 0 0 0 0 0 0 0 0 0 0 0 0 0 0 0 0 0 0 0 0 0 0 76 73 93 86 105 0 0 0 0 0 0 0 0 0 0 0 148 0 121 111 115 128 0 0 0 0 0 0 0 0 0 0 0 0 0 0 0 0 0 0 0 0 0 0 0 0 0 0 0 0 0 0 0 0 0 0 0 0 0 0 0 0 0 0 0 0 0 0 148 141 0 0 0 0 0 0 0 0 0 0 0 0 0 0 0 0 0 0 0 0 0 0 0 0 0 0 0 0 0 83 63 0 46 0 66 0 0 0 0 128 70 23 20 20 13 10 
3 3 3 3 3 6 6 6 6 6 6 6 6 6 6 6 6 6 10 10 10 10 10 10 10 13 13 13 13 13 13 16 16 16 23 0 0 0 0 0 83 0 0 128 0 128 121 155 0 0 0 0 0 131 108 0 0 0 0 0 0 0 0 0 0 0 0 0 0 0 0 0 0 0 0 0 0 0 0 0 0 0 0 98 86 90 0 138 105 125 145 0 0 0 0 0 0 0 0 0 0 0 0 161 118 128 0 161 0 0 0 0 0 0 0 0 0 0 0 0 0 0 0 0 0 0 0 0 0 0 0 0 0 0 0 0 0 0 0 0 0 0 0 0 0 0 0 0 0 0 0 0 151 138 138 0 0 0 0 0 0 0 0 0 0 0 0 0 0 0 0 0 0 0 0 0 0 0 0 0 0 0 0 0 53 46 36 40 40 0 0 101 53 0 0 20 16 13 13 10 
3 3 3 3 6 6 6 6 6 6 6 6 6 6 6 6 6 10 10 10 10 10 10 10 13 13 13 13 13 13 16 16 16 16 23 63 0 0 0 73 70 0 0 105 98 108 118 0 0 0 0 0 0 0 115 135 0 0 0 0 0 0 0 0 0 0 0 0 0 0 0 0 0 0 0 0 0 0 0 0 0 0 0 101 115 0 0 0 0 0 0 0 0 0 0 0 0 0 0 0 0 0 0 0 125 128 0 151 0 0 0 0 0 0 0 0 0 0 0 0 0 0 0 0 0 0 0 0 0 0 0 0 0 0 0 0 0 0 0 0 0 0 0 0 0 0 0 0 0 0 0 0 0 0 125 0 0 0 0 0 0 0 0 0 0 0 0 0 0 0 0 0 0 0 0 0 0 0 0 0 0 0 0 0 50 40 33 30 30 30 0 53 33 0 23 16 13 13 10 10 
3 3 3 3 6 6 6 6 6 6 6 6 6 6 6 6 10 10 10 10 10 10 13 13 13 13 13 13 13 13 16 16 16 20 23 33 0 0 63 56 60 105 0 93 83 98 141 0 0 0 0 0 0 151 125 0 0 0 0 0 0 0 0 0 0 0 0 0 0 0 0 0 0 0 0 0 0 0 0 0 0 151 121 108 111 0 0 0 0 0 0 0 0 0 0 0 0 0 0 0 0 0 0 0 131 131 141 145 0 0 0 0 0 0 0 0 0 0 0 0 0 0 0 0 0 0 0 0 0 0 0 0 0 0 0 0 0 0 0 0 0 0 0 0 0 0 0 0 0 0 0 0 0 128 115 115 151 0 0 0 0 0 151 155 0 111 128 0 0 0 0 0 0 0 0 0 0 0 0 0 0 0 0 0 53 43 33 26 23 23 26 23 23 40 20 13 13 10 10 10 
3 3 3 6 6 6 6 6 6 6 6 6 6 6 6 10 10 10 10 10 13 13 13 13 13 13 13 13 13 16 16 16 16 20 23 30 0 108 60 50 50 56 0 95 76 0 0 0 0 0 0 0 0 138 0 0 0 0 0 0 0 0 0 0 0 0 0 0 0 0 0 0 0 0 0 0 0 0 0 0 0 145 148 0 145 161 0 0 0 0 0 0 0 0 0 0 0 0 0 0 0 0 0 0 0 138 141 145 155 0 0 0 0 0 0 0 0 0 0 0 0 0 0 0 0 0 0 0 0 0 0 0 0 0 0 0 0 0 0 0 0 0 0 0 0 0 0 0 0 0 0 0 0 0 111 105 0 0 0 0 0 0 0 98 0 86 0 0 0 0 0 0 0 0 0 0 0 0 0 138 0 0 0 76 53 50 43 26 23 20 20 16 16 16 13 13 10 10 10 6 
3 3 3 6 6 6 6 6 6 6 6 6 6 6 6 10 10 10 10 13 13 13 13 13 13 13 13 13 16 16 16 16 20 20 23 26 131 138 0 46 46 50 53 63 80 0 0 0 0 0 0 0 158 148 0 0 0 0 0 0 0 0 0 0 0 0 0 0 0 0 0 0 0 0 0 0 0 0 0 0 0 0 0 0 0 0 0 0 0 0 0 0 0 0 0 0 0 0 0 0 0 0 0 0 148 141 141 148 151 0 0 0 0 0 0 0 0 0 0 0 0 0 0 0 0 0 0 0 0 0 0 0 0 0 0 0 0 0 0 0 0 0 0 0 0 0 0 0 0 0 0 0 0 131 115 98 0 0 0 0 0 0 0 0 70 0 0 0 0 0 145 0 0 0 0 0 0 0 0 118 0 0 128 93 0 63 151 23 20 16 16 16 16 13 13 10 10 10 10 6 
3 3 6 6 6 6 6 6 6 6 6 6 6 6 10 10 10 10 13 13 13 13 13 13 13 13 13 16 16 16 16 20 20 20 23 26 33 0 50 43 46 46 53 66 0 0 0 0 0 0 0 0 0 155 0 0 0 0 0 0 0 0 0 0 0 0 0 0 0 0 0 0 0 0 0 0 0 0 0 0 0 0 0 0 0 0 0 0 0 0 0 0 0 0 0 0 0 0 0 0 0 0 0 0 158 148 155 151 155 0 0 0 0 0 0 0 0 0 0 0 0 0 0 0 0 0 0 0 0 0 0 0 0 0 0 0 0 0 0 0 0 0 0 0 0 0 0 0 0 0 0 0 0 0 141 93 90 101 0 148 0 0 0 121 80 66 0 0 0 0 0 0 0 0 141 0 0 0 0 0 0 0 0 0 0 0 0 23 20 16 16 13 13 13 10 10 10 10 6 6 
3 3 6 6 6 6 6 6 6 6 6 6 6 10 10 10 13 13 13 13 13 13 13 13 13 16 16 16 16 16 20 20 20 23 23 26 30 36 40 40 43 46 63 0 0 0 0 0 0 0 0 0 0 161 0 0 0 0 0 0 0 0 0 0 0 0 0 0 0 0 0 0 0 0 0 0 0 0 0 0 0 0 0 0 0 0 0 0 0 0 0 0 0 0 0 0 0 0 0 0 0 0 0 0 0 0 0 0 158 0 0 0 0 0 0 0 0 0 0 0 0 0 0 0 0 0 0 0 0 0 0 0 0 0 0 0 0 0 0 0 0 0 0 0 0 0 0 0 0 0 0 0 0 0 0 86 80 73 80 0 0 0 0 0 50 66 0 0 90 66 0 0 0 141 118 0 0 0 0 0 0 0 0 0 0 0 80 20 16 13 13 13 13 10 10 10 10 10 6 6 
3 3 6 6 6 6 6 6 6 6 6 6 10 10 10 13 13 16 16 16 16 16 16 16 16 16 16 16 20 20 20 20 20 23 23 26 30 33 36 40 40 46 70 0 0 0 0 0 0 0 0 0 0 0 0 0 0 0 0 0 0 0 0 0 0 0 0 0 0 0 0 0 0 0 0 0 0 0 0 0 0 0 0 0 0 0 0 0 0 0 0 0 0 0 0 0 0 0 0 0 0 0 0 0 0 0 0 0 0 0 0 0 0 0 0 0 0 0 0 0 0 0 0 0 0 0 0 0 0 0 0 0 0 0 0 0 0 0 0 0 0 0 0 0 0 0 0 0 0 0 0 0 0 0 0 86 76 70 66 0 0 0 63 46 43 0 0 0 0 53 0 0 95 70 0 0 0 0 60 98 0 0 0 0 121 0 0 20 16 13 13 13 10 10 10 10 10 6 6 6 
3 6 6 6 6 6 6 6 6 6 6 10 10 10 13 13 20 26 20 16 16 16 16 16 20 20 20 20 20 20 20 20 23 23 26 26 30 33 36 36 40 43 0 0 0 0 0 0 0 0 0 0 0 0 0 0 0 0 0 0 0 0 0 0 0 0 0 0 0 0 0 0 0 0 0 0 0 0 0 0 0 0 0 0 0 0 0 0 0 0 0 0 0 0 0 0 0 0 0 0 0 0 0 0 0 0 0 0 0 0 0 0 0 0 0 0 0 0 0 0 0 0 0 0 0 0 0 0 0 0 0 0 0 0 0 0 0 0 0 0 0 0 0 0 0 0 0 0 0 0 0 0 0 0 0 95 76 70 60 60 0 0 46 40 40 46 0 43 43 43 0 0 0 53 0 0 0 148 50 43 0 0 0 0 0 33 23 16 13 13 13 10 10 10 10 10 6 6 6 6 
3 6 6 6 6 6 6 6 6 6 10 10 10 10 13 16 23 0 33 30 20 20 20 20 23 0 23 23 20 20 20 23 23 23 26 26 30 33 33 36 40 43 53 158 0 0 0 0 0 0 0 0 0 0 0 0 0 0 0 0 0 0 0 0 0 0 0 0 0 0 0 0 0 0 0 0 0 0 0 0 0 0 0 0 0 0 0 0 0 0 0 0 0 0 0 0 0 0 0 0 0 0 0 0 0 0 0 0 0 0 0 0 0 0 0 0 0 0 0 0 0 0 0 0 0 0 0 0 0 0 0 0 0 0 0 0 0 0 0 0 0 0 0 0 0 0 0 0 0 0 0 0 0 0 0 93 83 0 56 53 56 56 43 36 36 36 63 33 33 36 0 0 0 43 0 0 0 0 73 36 50 0 0 0 70 26 20 13 13 13 13 10 10 10 10 6 6 6 6 6 
3 6 6 6 6 6 6 6 6 10 10 10 10 13 13 16 0 0 86 36 23 23 23 26 30 0 0 26 23 23 23 23 26 26 26 30 30 33 33 36 40 43 50 86 0 0 155 0 0 0 0 0 0 0 0 0 0 0 0 0 0 0 0 0 0 0 0 0 0 0 0 0 0 0 0 0 0 0 0 0 0 0 0 0 0 0 0 0 0 0 0 0 0 0 0 0 0 0 0 0 0 0 0 0 0 0 0 0 0 0 0 0 0 0 0 0 0 0 0 0 0 0 0 0 0 0 0 0 0 0 0 0 0 0 0 0 0 0 0 0 0 0 0 0 0 0 0 0 0 0 0 0 0 0 121 0 0 0 53 46 43 43 36 33 33 33 30 30 30 33 0 36 43 33 0 0 0 0 0 30 40 0 0 0 33 20 16 13 13 13 10 10 10 10 6 6 6 6 6 6 
6 6 6 6 6 6 6 10 10 10 10 10 13 13 16 20 36 0 0 118 30 26 30 46 0 0 0 30 26 26 0 26 26 26 26 30 33 33 36 40 43 46 53 0 0 0 135 0 0 0 0 0 0 0 0 0 0 0 0 0 0 0 0 0 0 0 0 0 0 0 0 0 0 0 0 0 0 0 0 0 0 0 0 0 0 0 0 0 0 0 0 0 0 0 0 0 0 0 0 0 0 0 0 0 0 0 0 0 0 0 0 0 0 0 0 0 0 0 0 0 0 0 0 0 0 0 0 0 0 0 0 0 0 0 0 0 0 0 0 0 0 0 0 0 0 0 0 0 0 0 0 0 0 0 135 0 0 0 53 46 43 40 36 33 33 30 26 26 26 26 0 26 26 30 0 0 0 46 30 26 30 118 0 0 36 20 16 13 13 10 10 10 10 10 6 6 6 6 6 6 
6 6 6 6 6 6 6 10 10 10 10 13 13 13 16 20 33 0 0 0 40 30 0 0 0 0 0 33 43 36 0 33 30 30 30 33 33 33 36 43 43 46 53 0 0 0 121 0 0 0 0 0 0 0 0 0 0 0 0 0 0 0 0 0 0 0 0 0 0 0 0 0 0 0 0 0 0 0 0 0 0 0 0 0 0 0 0 0 0 0 0 0 0 0 0 0 0 0 0 0 0 0 0 0 0 0 0 0 0 0 0 0 0 0 0 0 0 0 0 0 0 0 0 0 0 0 0 0 0 0 0 0 0 0 0 0 0 0 0 0 0 0 0 0 0 0 0 0 0 0 0 0 0 0 155 0 0 86 50 43 40 36 33 33 30 30 26 26 26 23 23 23 23 26 0 0 30 26 23 23 23 36 86 0 0 16 13 13 10 10 10 10 6 6 6 6 6 6 6 6 
6 6 6 6 6 6 10 10 10 10 13 13 13 13 20 26 70 0 0 0 50 36 73 0 0 0 0 43 0 0 0 36 33 33 63 36 36 36 43 56 56 53 56 0 83 93 0 0 0 0 0 0 0 0 0 0 0 0 0 0 0 0 0 0 0 0 0 0 0 0 0 0 0 0 0 0 0 0 0 0 0 0 0 0 0 0 0 0 0 0 0 0 0 0 0 0 0 0 0 0 0 0 0 0 0 0 0 0 0 0 0 0 0 0 0 0 0 0 0 0 0 0 0 0 0 0 0 0 0 0 0 0 0 0 0 0 0 0 0 0 0 0 0 0 0 0 0 0 0 0 0 0 0 0 0 0 0 158 53 43 40 36 33 33 30 26 26 23 23 23 20 20 20 23 23 0 23 20 20 20 20 30 33 0 23 16 13 10 10 10 10 6 6 6 6 6 6 6 6 6 
6 6 6 6 6 10 10 10 10 10 13 13 13 16 23 33 0 0 0 0 0 43 50 148 0 0 0 53 0 0 0 43 43 43 0 46 40 40 46 0 0 60 60 70 76 95 0 0 0 0 0 0 0 0 0 0 0 0 0 0 0 0 0 0 0 0 0 0 0 0 0 0 0 0 0 0 0 0 0 0 0 0 0 0 0 0 0 0 0 0 0 0 0 0 0 0 0 0 0 0 0 0 0 0 0 0 0 0 0 0 0 0 0 0 0 0 0 0 0 0 0 0 0 0 0 0 0 0 0 0 0 0 0 0 0 0 0 0 0 0 0 0 0 0 0 0 0 0 0 0 0 0 0 0 0 0 0 0 0 43 40 36 36 33 30 26 26 23 23 20 20 20 20 20 20 20 20 16 16 16 16 16 20 26 20 13 13 10 10 10 6 6 6 6 6 6 6 6 6 6 
6 6 6 6 10 10 10 10 10 13 13 13 16 20 0 0 121 0 0 0 0 98 60 0 0 0 0 70 95 0 0 53 0 0 0 0 43 46 63 0 0 0 66 70 76 86 0 0 0 0 0 0 0 0 0 0 0 0 0 0 0 0 0 0 0 0 0 0 0 0 0 0 0 0 0 0 0 0 0 0 0 0 0 0 0 0 0 0 0 0 0 0 0 0 0 0 0 0 0 0 0 0 0 0 0 0 0 0 0 0 0 0 0 0 0 0 0 0 0 0 0 0 0 0 0 0 0 0 0 0 0 0 0 0 0 0 0 0 0 0 0 0 0 0 0 0 0 0 0 0 0 0 0 0 0 0 0 0 70 46 40 40 36 33 30 26 23 23 20 20 20 20 20 16 16 16 16 16 16 16 16 16 16 16 13 13 10 10 10 6 6 6 6 6 6 6 6 6 6 3 
6 6 6 10 10 10 10 10 13 13 13 13 16 20 80 0 0 0 0 0 0 0 0 0 0 0 118 141 0 0 0 66 90 0 0 66 50 0 0 0 0 0 80 73 80 86 0 0 0 0 0 0 0 0 0 0 0 0 0 0 0 0 0 0 0 0 0 0 0 0 0 0 0 0 0 0 0 0 0 0 0 0 0 0 0 0 0 0 0 0 0 0 158 0 0 0 0 0 0 0 0 0 0 0 0 0 0 0 0 0 0 0 0 0 0 0 0 0 0 0 0 0 0 0 0 0 0 0 0 0 0 0 0 0 0 0 0 0 0 0 0 0 0 0 0 0 0 161 0 0 0 0 0 0 0 0 0 0 63 46 43 40 40 36 30 26 23 23 20 20 20 16 16 16 16 16 13 13 13 13 13 13 13 13 13 10 10 10 6 6 6 6 6 6 6 6 6 6 6 3 
6 6 6 10 10 10 10 13 13 13 16 16 20 23 0 0 0 0 0 0 0 0 0 0 0 0 141 0 0 0 0 0 0 0 0 66 80 121 0 0 0 148 0 101 90 93 141 0 0 0 0 0 0 0 0 0 0 0 0 0 0 0 0 0 0 0 0 0 0 0 0 0 0 0 0 0 0 0 0 0 0 0 0 0 0 0 0 0 0 0 0 0 155 151 155 148 158 0 0 0 0 0 0 0 0 0 0 0 0 0 0 0 0 0 0 0 0 0 0 0 0 0 0 0 0 0 0 0 0 0 0 0 0 0 0 0 0 0 0 0 0 0 0 0 0 0 0 155 0 0 0 0 0 0 0 0 0 66 53 46 46 43 50 0 33 26 23 20 20 20 16 16 16 16 13 13 13 13 13 13 13 13 13 10 10 10 10 6 6 6 6 6 6 6 6 6 6 6 6 3 
6 6 10 10 10 10 13 13 16 16 16 16 20 23 151 63 0 93 128 0 0 118 0 0 0 0 0 0 0 0 145 0 0 0 0 0 70 0 0 0 0 0 0 0 0 98 115 131 0 0 0 0 0 0 0 0 0 0 0 0 0 0 0 0 0 0 0 0 0 0 0 0 0 0 0 0 0 0 0 0 0 0 0 0 0 0 0 0 0 0 0 0 151 148 141 141 148 0 0 0 0 0 0 0 0 0 0 0 0 0 0 0 0 0 0 0 0 0 0 0 0 0 0 0 0 0 0 0 0 0 0 0 0 0 0 0 0 0 0 0 0 0 0 0 0 0 0 148 158 0 0 0 0 0 0 0 80 63 53 50 46 46 0 138 131 26 23 20 20 16 16 16 16 13 13 13 13 13 13 13 13 13 10 10 10 10 6 6 6 6 6 6 6 6 6 6 6 6 3 3 
6 6 10 10 10 13 13 16 16 16 20 20 23 26 43 50 53 76 0 0 0 138 0 0 0 0 0 0 0 0 0 0 0 0 0 86 0 98 0 0 0 0 0 0 0 105 111 0 0 0 0 0 0 0 0 0 0 0 0 0 0 0 0 0 0 0 0 0 0 0 0 0 0 0 0 0 0 0 0 0 0 0 0 0 0 0 0 0 0 0 0 0 155 145 141 138 0 0 0 0 0 0 0 0 0 0 0 0 0 0 0 0 0 0 0 161 145 0 148 145 0 0 0 0 0 0 0 0 0 0 0 0 0 0 0 0 0 0 0 0 0 0 0 0 0 0 0 138 0 0 0 0 0 0 0 0 76 95 0 56 50 50 60 108 0 30 23 20 16 16 16 16 13 13 13 13 13 13 13 13 13 10 10 10 10 10 6 6 6 6 6 6 6 6 6 6 6 6 3 3 
6 10 10 10 13 13 20 40 23 23 26 23 23 26 33 43 53 0 0 0 0 0 0 0 0 0 0 0 0 0 0 0 0 0 128 111 0 155 151 0 0 0 0 0 151 115 115 128 0 0 0 0 0 0 0 0 0 0 0 0 0 0 0 0 0 0 0 0 0 0 0 0 0 0 0 0 0 0 0 0 0 0 0 0 0 0 0 0 0 0 0 0 0 145 141 131 131 0 0 0 0 0 0 0 0 0 0 0 0 0 0 0 0 0 0 0 111 108 121 151 0 0 0 0 0 0 0 0 0 0 0 0 0 0 0 0 0 0 0 0 0 0 0 0 0 0 125 151 0 0 0 0 0 0 141 98 83 93 0 105 60 56 63 0 0 33 23 20 16 16 16 13 13 13 13 13 13 13 13 10 10 10 10 10 10 6 6 6 6 6 6 6 6 6 6 6 6 3 3 3 
6 10 10 13 13 16 23 0 33 53 0 30 30 30 33 40 50 0 0 0 0 0 0 0 0 0 0 0 0 0 0 0 0 0 0 0 0 0 0 0 0 0 0 0 0 0 125 0 0 0 0 0 0 0 0 0 0 0 0 0 0 0 0 0 0 0 0 0 0 0 0 0 0 0 0 0 0 0 0 0 0 0 0 0 0 0 0 0 0 0 0 0 0 151 0 128 125 0 0 0 0 0 0 0 0 0 0 0 0 0 0 0 0 0 0 0 115 101 0 0 0 0 0 0 0 0 0 0 0 0 0 0 0 0 0 0 0 0 0 0 0 0 0 0 0 135 115 0 0 0 0 0 0 0 118 108 98 105 0 0 70 73 0 0 0 63 23 16 16 16 16 13 13 13 13 13 13 10 10 10 10 10 10 10 6 6 6 6 6 6 6 6 6 6 6 6 6 3 3 3 
6 10 13 13 16 20 0 0 53 101 0 0 40 40 36 46 53 0 0 0 0 0 0 0 0 0 0 0 0 0 0 0 0 0 0 0 0 0 0 0 0 0 0 0 0 0 138 138 151 0 0 0 0 0 0 0 0 0 0 0 0 0 0 0 0 0 0 0 0 0 0 0 0 0 0 0 0 0 0 0 0 0 0 0 0 0 0 0 0 0 0 0 0 161 0 128 118 161 0 0 0 0 0 0 0 0 0 0 0 0 145 125 105 138 0 90 86 98 0 0 0 0 0 0 0 0 0 0 0 0 0 0 0 0 0 0 0 0 0 0 0 0 0 0 0 0 108 131 0 0 0 0 0 155 121 128 0 128 0 0 83 0 0 0 0 0 23 16 16 16 13 13 13 13 13 13 10 10 10 10 10 10 10 6 6 6 6 6 6 6 6 6 6 6 6 6 3 3 3 3 
6 10 13 20 20 23 70 128 0 0 0 0 66 0 46 0 63 83 0 0 0 0 0 0 0 0 0 0 0 0 0 0 0 0 0 0 0 0 0 0 0 0 0 0 0 0 0 141 148 0 0 0 0 0 0 0 0 0 0 0 0 0 0 0 0 0 0 0 0 0 0 0 0 0 0 0 0 0 0 0 0 0 0 0 0 0 0 0 0 0 0 0 0 0 0 128 115 111 121 0 148 0 0 0 0 0 0 0 0 0 0 0 105 86 93 73 76 0 0 0 0 0 0 0 0 0 0 0 0 0 0 0 0 0 0 0 0 0 0 0 0 0 0 0 0 101 95 0 0 0 0 0 0 148 0 0 0 0 0 0 0 0 0 0 53 30 20 16 16 16 13 13 13 13 10 10 10 10 10 10 10 10 6 6 6 6 6 6 6 6 6 6 6 6 6 6 3 3 3 3 
10 13 20 0 0 33 46 0 161 0 0 0 0 0 98 0 95 86 0 0 0 0 0 0 0 0 0 0 0 0 0 0 0 0 0 0 0 0 0 0 0 0 0 0 0 0 0 151 151 0 0 0 0 0 0 0 0 0 0 0 0 0 0 0 0 0 0 0 0 0 0 0 0 0 0 0 0 0 0 0 0 0 0 0 0 0 0 0 0 0 0 0 0 0 0 121 111 108 105 108 0 0 0 0 0 0 0 0 0 0 0 0 0 80 73 66 73 0 0 0 0 0 0 0 0 0 0 128 155 0 0 0 0 0 0 0 0 155 0 0 0 0 0 0 0 86 86 0 0 0 0 0 0 158 0 0 0 0 0 0 0 0 0 0 101 26 20 16 16 13 13 13 13 10 10 10 10 10 10 10 10 6 6 6 6 6 6 6 6 6 6 6 6 6 6 3 3 3 3 3 
10 20 0 131 0 0 0 0 0 0 0 0 0 148 0 0 0 108 0 0 0 0 0 0 0 0 0 0 0 0 0 0 0 0 0 0 0 0 0 0 0 0 0 0 0 0 0 0 161 0 0 0 0 0 0 0 0 0 0 0 0 0 0 0 0 0 0 0 0 0 0 0 0 0 0 0 0 0 0 0 0 0 0 0 0 0 0 0 0 0 0 0 0 0 0 128 111 105 101 105 0 0 0 0 0 0 0 0 0 0 0 0 0 86 70 63 63 118 0 0 0 0 0 0 0 105 98 138 0 0 0 0 0 0 0 138 131 158 0 0 0 0 0 145 0 86 76 0 0 0 0 0 0 0 0 0 0 0 0 0 0 0 0 0 0 26 20 16 16 13 13 13 10 10 10 10 10 10 10 10 10 6 6 6 6 6 6 6 6 6 6 6 6 6 3 3 3 3 3 3 
10 16 0 0 0 0 0 0 0 0 0 0 0 0 0 0 0 0 0 0 0 0 0 0 0 0 0 0 0 0 0 0 0 0 0 0 0 0 0 0 0 0 0 0 0 0 0 0 0 0 0 0 0 0 0 0 0 0 0 0 0 0 0 0 0 0 0 0 0 0 0 0 0 0 0 0 0 0 0 0 0 0 0 0 0 0 0 0 0 0 0 0 0 0 0 0 111 105 98 95 161 0 0 0 135 0 0 0 0 0 0 0 0 86 86 60 60 76 0 0 0 141 161 0 0 0 95 0 0 0 0 0 0 0 0 0 128 0 0 0 0 0 0 0 0 121 70 0 0 0 0 0 0 0 0 0 0 0 0 0 0 0 0 0 0 26 20 16 13 13 13 10 10 10 10 10 10 10 10 10 6 6 6 6 6 6 6 6 6 6 6 6 6 6 3 3 3 3 3 3 
10 13 26 0 0 0 0 0 0 0 0 0 0 0 0 0 0 0 148 0 0 0 0 0 0 0 0 0 0 0 0 0 0 0 0 0 0 0 0 0 0 0 0 0 0 0 0 0 0 0 0 0 0 0 0 0 0 0 0 0 0 0 0 0 0 0 0 0 0 0 0 0 0 0 0 0 0 0 0 0 0 0 0 0 0 0 0 0 0 0 0 0 0 0 0 0 115 118 98 90 101 0 0 0 108 0 0 0 0 0 0 0 0 0 0 53 53 0 0 0 0 0 108 76 70 70 0 0 0 0 0 0 0 141 95 98 158 0 0 0 0 0 0 0 0 70 63 0 0 0 0 0 0 0 0 0 0 0 0 0 0 0 0 0 0 0 20 16 13 13 10 10 10 10 10 10 10 10 10 6 6 6 6 6 6 6 6 6 6 6 6 6 6 3 3 3 3 3 3 3 
10 13 16 26 0 0 118 0 0 0 0 0 0 0 0 0 0 0 0 0 0 0 0 0 0 0 0 0 0 0 0 0 0 0 0 0 0 0 0 0 0 0 0 0 0 0 0 0 0 0 0 0 0 0 0 0 0 0 0 0 0 0 0 0 0 0 0 0 0 0 0 0 0 0 0 0 0 0 0 0 0 0 0 0 0 0 0 0 0 0 0 0 0 0 0 135 128 141 0 86 83 141 83 0 93 0 0 0 0 0 0 148 0 0 0 50 53 86 0 0 0 0 0 70 60 63 0 0 0 0 0 0 0 0 0 93 0 0 0 0 0 0 0 0 93 53 56 0 0 0 0 0 0 0 0 0 0 0 0 121 125 0 145 0 0 0 20 13 13 13 10 10 10 10 10 10 10 10 10 6 6 6 6 6 6 6 6 6 6 6 6 6 3 3 3 3 3 3 3 3 
10 10 13 20 53 0 46 0 0 0 0 0 0 0 0 155 0 0 0 0 0 0 0 0 0 0 0 0 0 0 0 0 0 0 0 0 0 0 0 155 161 0 0 0 0 0 0 0 0 0 0 0 0 0 0 0 0 0 0 0 0 0 0 0 0 0 0 0 0 0 0 0 0 0 0 0 0 0 0 0 0 0 0 0 0 0 0 0 0 0 0 0 0 0 0 151 0 0 151 80 80 76 73 73 0 0 0 0 0 0 0 0 98 105 46 43 46 0 0 0 0 0 0 73 56 53 0 0 0 161 128 0 0 0 70 0 0 0 0 0 0 0 108 0 0 50 50 0 0 93 0 0 0 0 0 0 0 0 0 0 66 46 46 83 76 43 16 13 13 10 10 10 10 10 10 10 10 10 6 6 6 6 6 6 6 6 6 6 6 6 6 6 3 3 3 3 3 3 3 3 
6 10 13 16 0 0 36 40 0 0 0 0 0 0 0 138 0 0 0 0 0 0 0 0 0 0 0 0 0 0 0 0 0 0 0 0 0 0 0 148 141 0 0 0 0 0 0 0 0 0 0 0 0 0 0 0 0 0 0 0 0 0 0 0 0 0 0 0 0 0 0 0 0 0 0 0 0 0 0 0 0 0 0 0 0 0 0 0 0 0 0 0 0 0 0 0 0 0 98 80 76 73 66 66 128 0 0 0 0 0 0 0 50 56 43 40 43 0 0 0 0 118 0 0 50 50 115 0 0 0 0 90 76 60 60 0 0 0 0 161 0 105 80 66 53 46 43 43 46 60 118 0 0 0 0 0 0 0 0 0 0 0 30 26 23 20 16 13 10 10 10 10 10 10 10 10 10 6 6 6 6 6 6 6 6 6 6 6 6 6 6 3 3 3 3 3 3 3 3 3 
6 10 10 13 30 0 23 30 86 0 0 0 0 0 0 101 0 0 0 0 0 0 0 0 0 0 0 0 0 0 0 0 0 0 0 0 0 0 0 151 135 0 0 0 0 0 0 0 0 0 0 0 0 0 0 0 0 0 0 0 0 0 0 0 0 0 0 0 0 0 0 0 0 0 0 0 0 0 0 0 0 0 0 0 0 0 0 0 0 0 0 0 0 0 0 0 0 0 98 80 73 70 66 63 63 73 0 0 0 0 0 50 43 40 36 40 40 0 0 0 0 0 0 135 43 46 135 0 0 0 0 0 60 53 53 0 0 0 0 0 0 135 98 60 53 46 40 40 43 0 0 0 0 0 0 0 0 0 0 0 0 0 23 20 20 16 13 13 10 10 10 10 10 10 10 10 10 6 6 6 6 6 6 6 6 6 6 6 6 6 3 3 3 3 3 3 3 3 3 3 
6 10 10 10 16 16 20 23 0 0 0 0 0 0 0 83 0 0 0 0 0 0 0 0 0 0 0 0 0 0 0 0 0 0 0 0 0 0 0 0 125 0 0 0 0 0 0 0 0 0 0 0 0 0 0 0 0 0 0 0 0 0 0 0 0 0 0 0 0 0 0 0 0 0 0 0 0 0 0 0 0 0 0 0 0 0 0 0 0 0 0 0 0 0 0 0 0 0 0 83 73 70 66 60 60 63 125 0 0 0 66 43 40 36 36 36 36 0 0 0 43 40 0 36 36 43 0 0 0 0 0 0 63 50 46 53 93 0 0 0 0 0 0 70 53 46 40 36 40 0 0 0 0 0 0 0 0 0 0 0 0 0 23 20 16 16 13 13 10 10 10 10 10 10 10 10 6 6 6 6 6 6 6 6 6 6 6 6 6 3 3 3 3 3 3 3 3 3 3 3 
6 10 10 10 13 16 16 20 33 0 0 0 0 0 0 93 0 0 0 86 155 0 0 0 0 0 0 0 0 0 0 0 0 0 0 0 0 0 0 0 118 0 0 0 0 0 0 0 0 0 0 0 0 0 0 0 0 0 0 0 0 0 0 0 0 0 0 0 0 0 0 0 0 0 0 0 0 0 0 0 0 0 0 0 0 0 0 0 0 0 0 0 0 0 0 0 0 0 0 83 76 73 66 60 56 53 60 0 0 0 0 40 36 36 33 33 33 36 46 0 36 33 33 33 33 43 0 0 0 0 0 0 76 46 43 63 0 0 0 0 0 0 0 0 60 0 36 33 33 43 76 0 0 0 0 0 0 0 0 101 0 0 20 16 16 13 13 10 10 10 10 10 10 10 10 6 6 6 6 6 6 6 6 6 6 6 6 6 3 3 3 3 3 3 3 3 3 3 3 3 
6 6 10 10 10 13 16 20 56 0 0 95 0 0 0 76 50 70 53 111 0 0 0 0 0 0 0 0 0 0 0 0 0 0 0 0 0 0 0 0 111 105 138 0 0 0 0 0 0 0 0 0 0 0 0 0 0 0 0 0 0 0 0 0 0 0 0 0 0 0 0 0 0 0 0 0 0 0 0 0 0 0 0 0 0 0 0 0 0 0 0 0 0 0 0 0 0 0 0 83 80 80 0 56 53 50 50 53 0 56 70 40 36 33 33 33 33 33 36 36 33 30 30 30 33 40 0 0 0 0 0 0 0 40 40 50 0 0 0 0 0 0 0 93 76 0 36 30 33 36 0 0 0 0 0 0 0 0 0 0 30 23 16 16 16 13 13 10 10 10 10 10 10 10 6 6 6 6 6 6 6 6 6 6 6 6 6 3 3 3 3 3 3 3 3 3 3 3 3 3 
6 6 10 10 10 13 13 16 46 0 50 0 0 0 0 60 43 40 43 0 0 0 0 0 0 0 0 0 0 0 0 0 0 0 0 0 0 0 0 141 118 98 138 0 0 0 0 0 0 0 0 0 0 0 0 0 0 0 0 0 0 0 0 0 0 0 0 0 0 0 0 0 0 0 0 0 0 0 0 0 0 0 0 0 0 0 0 0 0 0 0 0 0 0 0 0 0 0 98 86 83 86 0 60 50 50 46 46 50 43 46 36 33 33 30 30 30 30 30 30 30 26 26 30 30 36 0 0 105 63 43 0 40 33 36 50 125 0 0 0 0 0 0 0 0 0 30 30 30 36 0 0 0 0 0 0 0 0 0 0 23 20 16 16 13 13 10 10 10 10 10 10 10 10 6 6 6 6 6 6 6 6 6 6 6 6 6 3 3 3 3 3 3 3 3 3 3 3 3 3 
6 6 10 10 10 10 13 13 20 30 36 83 0 125 0 50 40 36 36 46 73 0 0 0 0 0 0 0 0 0 0 0 0 0 0 0 0 0 0 0 0 90 0 0 151 0 0 0 155 108 0 0 115 0 161 0 0 0 0 0 0 0 0 0 0 0 0 0 0 0 0 0 0 0 0 0 0 0 0 0 0 0 0 0 0 0 0 0 0 0 0 0 0 0 0 0 0 118 101 0 0 98 0 70 50 46 43 43 40 40 36 33 33 30 30 30 30 30 26 26 26 26 26 26 26 30 0 0 73 33 30 40 30 30 33 46 0 0 0 0 0 0 0 0 101 0 30 26 26 30 0 73 0 0 0 0 0 0 90 30 23 20 16 13 13 13 10 10 10 10 10 10 10 6 6 6 6 6 6 6 6 6 6 6 6 6 3 3 3 3 3 3 3 3 3 3 3 3 3 3 
6 6 6 10 10 10 13 13 16 20 30 0 0 0 0 50 40 33 30 33 50 0 0 0 0 0 0 0 0 0 0 0 0 0 0 0 0 0 0 0 0 83 80 80 98 0 0 0 0 0 0 86 98 135 161 0 0 0 0 0 0 0 0 0 0 0 0 0 0 0 0 0 0 0 0 0 0 0 0 0 0 0 0 0 0 0 0 0 0 0 0 0 0 0 0 0 0 0 115 0 0 121 0 63 50 43 43 40 40 36 36 33 30 30 30 30 30 26 26 26 23 23 23 26 26 26 30 0 43 26 26 26 26 26 30 50 0 0 0 0 0 0 0 0 0 30 23 23 26 26 33 95 0 0 0 0 0 115 40 30 23 16 16 13 13 13 10 10 10 10 10 10 6 6 6 6 6 6 6 6 6 6 6 6 6 3 3 3 3 3 3 3 3 3 3 3 3 3 3 3 
6 6 6 6 10 10 10 13 13 20 0 0 0 0 0 80 80 30 26 30 0 0 0 0 0 0 0 0 0 0 0 0 0 0 0 0 0 0 0 0 0 80 73 70 0 0 0 0 0 0 73 73 0 0 0 0 0 0 0 0 0 0 0 0 0 0 0 0 0 0 0 0 0 0 0 0 0 0 0 0 0 0 0 0 0 0 0 0 0 0 0 0 0 0 0 0 0 141 128 0 0 0 0 0 46 43 43 40 36 36 33 33 30 30 30 30 26 26 26 23 23 23 23 23 23 26 26 33 26 23 23 23 23 26 26 40 0 0 0 0 0 0 36 0 33 23 23 23 23 26 36 0 0 0 0 0 0 155 43 40 20 16 13 13 13 10 10 10 10 10 10 10 6 6 6 6 6 6 6 6 6 6 6 6 3 3 3 3 3 3 3 3 3 3 3 3 3 3 3 3 
6 6 6 6 10 10 10 13 13 16 0 0 0 0 0 0 40 26 26 26 36 0 70 125 0 0 0 0 0 0 0 0 0 0 0 0 0 0 0 0 0 83 73 63 73 0 0 0 0 0 73 66 0 0 0 0 0 0 0 0 0 0 0 0 0 0 0 0 0 0 0 0 0 0 0 0 0 0 0 0 0 0 0 0 0 0 0 0 0 0 0 0 0 0 0 0 0 145 0 0 0 0 121 66 46 43 40 40 36 36 33 30 30 30 30 26 26 26 23 23 23 23 23 23 23 23 23 23 23 23 23 23 23 23 26 33 141 0 0 70 40 36 26 30 26 23 20 20 20 23 30 63 56 0 0 0 0 0 60 0 23 16 13 13 13 10 10 10 10 10 10 6 6 6 6 6 6 6 6 6 6 6 6 3 3 3 3 3 3 3 3 3 3 3 3 3 3 3 3 3 
6 6 6 6 6 10 10 10 13 16 33 0 0 73 0 0 30 23 23 23 26 36 63 0 0 0 0 0 0 0 0 0 0 0 0 0 0 0 0 0 118 90 0 60 60 0 0 0 70 0 56 63 0 0 0 0 0 0 0 0 0 0 0 0 0 0 0 0 0 0 0 0 0 0 0 0 0 0 0 0 0 0 0 0 0 0 0 0 0 0 0 0 0 0 0 0 0 155 0 0 0 0 90 53 46 43 40 36 36 36 33 30 30 30 26 26 26 23 23 23 23 23 23 23 23 20 20 20 20 20 20 20 20 23 23 30 0 73 0 46 30 23 23 23 20 20 20 20 20 20 23 26 43 0 0 101 0 0 0 0 23 16 13 13 10 10 10 10 10 10 6 6 6 6 6 6 6 6 6 6 6 6 3 3 3 3 3 3 3 3 3 3 3 3 3 3 3 3 3 3 
6 6 6 6 6 6 10 10 13 16 0 0 23 23 0 26 20 20 20 23 23 36 0 0 0 0 0 0 0 0 0 0 0 0 0 0 0 0 0 148 0 151 0 53 53 76 158 53 46 46 46 66 0 0 0 0 0 0 0 0 0 0 0 0 0 0 0 0 0 0 0 0 0 0 0 0 0 0 0 0 0 0 0 0 0 0 0 0 0 0 0 0 0 0 0 0 0 0 0 0 0 0 0 56 46 43 40 36 36 33 33 30 30 30 26 26 26 23 23 23 23 23 20 20 20 20 20 20 20 20 20 20 20 20 20 23 30 43 0 0 23 23 20 20 16 16 16 16 20 20 20 23 0 0 0 50 0 0 0 73 26 13 13 13 10 10 10 10 10 6 6 6 6 6 6 6 6 6 6 6 3 3 3 3 3 3 3 3 3 3 3 3 3 3 3 3 3 3 3 3 
6 6 6 6 6 6 6 10 10 13 16 16 16 20 20 20 20 20 20 20 23 0 0 0 0 125 128 161 0 0 0 0 0 155 0 0 0 0 0 0 0 0 0 50 46 50 0 43 40 40 43 90 0 0 0 0 0 0 151 0 0 0 0 0 0 0 0 0 0 0 0 0 0 0 0 0 0 0 0 0 0 0 0 0 0 0 0 0 0 0 0 0 0 0 0 0 0 0 0 0 0 0 0 56 46 43 40 36 36 33 33 30 30 30 26 26 26 23 23 23 23 20 20 20 20 20 20 16 16 16 16 16 20 20 20 20 23 0 0 30 20 20 20 16 16 16 16 16 16 16 20 23 60 0 0 36 0 0 0 30 20 13 13 13 10 10 10 10 6 6 6 6 6 6 6 6 6 6 6 3 3 3 3 3 3 3 3 3 3 3 3 3 3 3 3 3 3 3 3 3 
6 6 6 6 6 6 6 10 10 10 13 13 16 16 16 16 16 16 16 16 20 33 0 0 60 80 0 0 0 0 0 0 0 145 0 0 0 0 0 0 0 0 56 46 43 43 43 40 36 36 40 105 0 0 0 76 0 98 131 0 0 0 0 0 0 0 0 0 0 0 0 0 0 0 0 0 0 0 0 0 0 0 0 0 0 0 0 0 0 0 0 0 0 0 0 0 0 0 0 0 0 0 0 73 56 43 40 36 36 33 33 33 30 30 26 26 23 23 23 23 20 20 20 20 20 16 16 16 16 16 16 16 16 16 20 20 20 26 0 23 20 16 16 16 16 16 16 16 16 16 16 20 0 26 30 26 76 0 0 23 16 13 13 10 10 10 10 10 6 6 6 6 6 6 6 6 6 6 3 3 3 3 3 3 3 3 3 3 3 3 3 3 3 3 3 3 3 3 3 3 
6 6 6 6 6 6 6 6 10 10 10 13 13 13 13 13 13 16 16 16 16 23 30 0 46 0 0 0 0 0 0 0 118 0 0 0 0 0 0 0 0 0 53 46 43 40 36 36 33 36 36 0 0 0 0 66 66 131 0 0 0 0 0 0 0 0 0 0 0 0 0 0 0 0 0 0 0 0 0 0 0 0 0 0 0 0 0 0 0 0 0 0 0 0 0 0 0 0 0 0 0 0 0 0 0 43 40 36 36 36 33 33 30 30 26 26 23 23 23 20 20 20 20 20 16 16 16 16 16 16 16 16 16 16 16 16 20 20 20 20 16 16 16 16 16 16 16 16 16 16 16 16 16 20 20 23 0 0 50 20 16 13 13 10 10 10 10 6 6 6 6 6 6 6 6 6 6 3 3 3 3 3 3 3 3 3 3 3 3 3 3 3 3 3 3 3 3 3 3 3 
3 6 6 6 6 6 6 6 6 10 10 10 13 13 13 13 13 13 16 16 16 20 23 30 40 105 0 0 0 0 115 95 111 0 0 0 0 0 0 0 0 0 66 43 40 40 36 33 33 33 33 50 40 43 95 53 63 0 0 0 0 0 0 0 0 0 0 0 0 0 0 0 0 0 0 0 0 0 0 0 0 0 0 0 0 0 161 161 0 0 0 0 0 0 0 0 0 0 0 0 0 0 0 0 56 43 40 36 36 36 33 33 30 30 26 26 23 23 23 20 20 20 20 16 16 16 16 16 16 16 16 16 16 16 16 16 16 16 16 16 16 16 13 13 13 13 13 13 13 13 13 13 16 16 16 20 30 40 0 16 13 13 10 10 10 10 6 6 6 6 6 6 6 6 6 6 3 3 3 3 3 3 3 3 3 3 3 3 3 3 3 3 3 3 3 3 3 3 3 3 
3 6 6 6 6 6 6 6 6 6 10 10 10 10 13 13 13 13 13 16 16 16 23 26 0 0 0 0 0 0 0 83 0 0 0 0 0 0 0 115 0 0 53 43 40 36 33 33 33 30 30 30 33 33 40 46 0 0 0 0 0 0 0 0 0 0 0 0 0 0 0 0 0 0 0 0 0 0 0 0 0 0 0 0 0 0 155 158 0 0 0 0 0 0 0 0 0 0 0 0 0 0 0 0 50 43 40 40 36 36 33 33 33 30 26 26 23 23 20 20 20 20 20 16 16 16 16 16 16 16 16 16 16 16 16 16 16 13 13 13 13 13 13 13 13 13 13 13 13 13 13 13 13 13 16 16 16 23 0 16 13 10 10 10 10 6 6 6 6 6 6 6 6 6 6 3 3 3 3 3 3 3 3 3 3 3 3 3 3 3 3 3 3 3 3 3 3 3 3 3 
3 3 6 6 6 6 6 6 6 6 6 10 10 10 10 13 13 13 13 13 16 16 20 30 0 0 0 0 80 0 93 73 0 0 0 0 0 0 0 83 70 56 50 43 40 36 33 33 30 30 30 30 30 33 33 43 0 0 0 0 0 0 0 0 0 0 0 0 0 0 0 0 0 0 0 0 0 0 0 0 0 0 0 0 0 158 148 155 0 0 0 0 0 0 0 0 0 0 0 0 0 0 0 60 50 43 43 40 40 36 36 33 33 30 26 26 23 23 20 20 20 20 16 16 16 16 16 16 16 16 16 16 16 13 13 13 13 13 13 13 13 13 13 13 13 13 13 13 13 13 13 13 13 13 13 13 16 16 16 13 10 10 10 10 6 6 6 6 6 6 6 6 6 6 3 3 3 3 3 3 3 3 3 3 3 3 3 3 3 3 3 3 3 3 3 3 3 3 3 3 
3 3 6 6 6 6 6 6 6 6 6 6 10 10 10 10 10 13 13 13 13 16 20 0 0 0 0 0 73 56 53 0 0 0 0 0 0 121 101 76 66 53 46 43 40 36 33 30 30 26 26 26 26 30 33 95 0 0 0 105 0 0 0 135 0 0 0 0 0 0 0 0 0 0 0 0 0 0 0 0 0 0 0 0 0 0 145 148 0 0 0 0 0 0 0 0 0 0 0 111 0 93 66 53 50 43 43 40 40 40 40 36 36 36 30 26 23 23 20 20 20 20 16 16 16 16 16 16 16 13 13 13 13 13 13 13 13 13 13 13 13 13 13 13 13 13 13 13 13 13 13 13 13 13 13 13 13 13 13 10 10 10 10 6 6 6 6 6 6 6 6 6 6 3 3 3 3 3 3 3 3 3 3 3 3 3 3 3 3 3 3 3 3 3 3 3 3 3 3 3 
3 3 6 6 6 6 6 6 6 6 6 6 10 10 10 10 10 10 13 13 13 16 20 33 0 0 0 0 63 46 46 0 0 0 0 0 145 118 108 83 0 53 46 43 43 36 33 30 30 26 26 26 26 26 30 0 0 0 0 0 0 0 93 121 155 0 0 0 0 0 0 0 0 0 0 0 0 0 0 0 0 0 0 0 0 0 138 148 0 0 0 0 0 0 0 0 0 0 0 0 0 66 60 53 50 46 43 43 40 40 40 46 50 73 33 26 23 23 20 20 20 16 16 16 16 16 16 13 13 13 13 13 13 13 13 13 13 13 13 13 10 10 10 10 10 10 10 10 10 13 13 13 13 13 13 13 13 10 10 10 10 10 6 6 6 6 6 6 6 6 6 6 3 3 3 3 3 3 3 3 3 3 3 3 3 3 3 3 3 3 3 3 3 3 3 3 3 3 3 3 
3 3 3 6 6 6 6 6 6 6 6 6 6 10 10 10 10 10 10 13 13 13 16 0 0 36 56 0 70 43 40 50 0 0 0 0 0 0 0 101 0 63 50 46 46 46 33 30 26 26 26 26 26 26 30 50 66 0 0 73 56 66 101 0 0 0 0 0 0 0 0 0 0 0 0 0 0 0 0 0 0 0 0 0 131 125 135 0 0 0 0 0 0 0 0 0 0 0 0 90 73 66 60 53 50 46 43 43 43 43 46 0 0 0 36 30 26 23 20 20 20 16 16 16 16 16 13 13 13 13 13 13 13 13 13 13 13 10 10 10 10 10 10 10 10 10 10 10 10 10 10 10 10 10 10 10 10 10 10 10 10 6 6 6 6 6 6 6 6 6 6 3 3 3 3 3 3 3 3 3 3 3 3 3 3 3 3 3 3 3 3 3 3 3 3 3 3 3 3 3 
3 3 3 6 6 6 6 6 6 6 6 6 6 6 10 10 10 10 10 10 10 13 13 20 20 23 33 0 0 36 36 50 76 0 0 0 0 0 0 0 0 0 56 50 60 0 43 30 26 23 23 23 23 23 26 40 36 40 0 0 53 95 0 0 0 0 0 0 0 0 0 0 0 0 0 0 0 0 0 0 0 0 0 135 118 118 0 0 0 0 0 0 0 0 0 0 0 0 0 101 73 70 63 56 50 50 46 43 43 46 50 86 0 0 0 53 26 23 20 20 16 16 16 16 16 13 13 13 13 13 13 13 13 13 13 10 10 10 10 10 10 10 10 10 10 10 10 10 10 10 10 10 10 10 10 10 10 10 10 6 6 6 6 6 6 6 6 6 6 3 3 3 3 3 3 3 3 3 3 3 3 3 3 3 3 3 3 3 3 3 3 3 3 3 3 3 3 3 3 3 
3 3 3 3 6 6 6 6 6 6 6 6 6 6 6 10 10 10 10 10 10 13 13 16 16 20 23 26 30 30 33 0 0 0 0 0 0 0 0 0 0 0 60 53 60 0 46 30 23 23 23 23 23 23 23 26 26 30 40 43 46 60 0 0 0 0 0 0 0 0 0 0 0 158 0 0 0 0 0 0 0 0 0 0 115 111 0 0 0 0 0 0 0 0 0 0 0 0 0 86 76 76 0 73 56 53 50 46 46 46 50 60 111 0 0 0 30 23 20 20 16 16 16 16 13 13 13 13 13 13 13 13 13 13 10 10 10 10 10 10 10 10 10 10 10 10 10 10 10 10 10 10 10 10 10 10 10 10 6 6 6 6 6 6 6 6 6 6 3 3 3 3 3 3 3 3 3 3 3 3 3 3 3 3 3 3 3 3 3 3 3 3 3 3 3 3 3 3 3 0 
3 3 3 3 6 6 6 6 6 6 6 6 6 6 6 10 10 10 10 10 10 10 13 13 16 16 16 23 23 26 33 0 0 0 0 0 0 0 0 0 0 93 0 0 80 0 0 26 23 23 23 20 20 20 20 23 23 26 30 33 43 0 0 0 0 0 0 0 0 0 0 121 135 151 0 0 0 0 0 0 0 0 0 0 115 108 0 0 0 0 0 0 0 0 0 0 0 0 98 86 80 83 0 0 66 60 0 50 50 50 53 60 76 0 0 0 30 23 20 20 16 16 16 13 13 13 13 13 13 13 13 13 13 10 10 10 10 10 10 10 10 10 10 10 10 10 10 10 10 10 10 10 10 10 10 10 10 6 6 6 6 6 6 6 6 6 6 3 3 3 3 3 3 3 3 3 3 3 3 3 3 3 3 3 3 3 3 3 3 3 3 3 3 3 3 3 3 3 3 0 
3 3 3 3 3 6 6 6 6 6 6 6 6 6 6 6 10 10 10 10 10 10 10 13 13 16 16 20 20 23 33 0 0 0 0 0 0 0 0 0 0 108 148 0 0 0 40 26 23 23 20 20 20 20 20 20 23 26 26 33 0 0 0 0 148 0 0 0 141 115 101 115 0 0 0 0 0 0 0 0 0 0 0 0 95 118 151 0 0 0 0 0 0 0 0 0 148 108 98 86 83 86 0 0 0 0 83 53 50 50 56 60 0 0 0 43 26 23 20 20 16 16 13 13 13 13 13 13 13 13 13 13 10 10 10 10 10 10 10 10 10 10 10 10 10 10 10 10 10 10 10 10 10 10 10 6 6 6 6 6 6 6 6 6 6 6 3 3 3 3 3 3 3 3 3 3 3 3 3 3 3 3 3 3 3 3 3 3 3 3 3 3 3 3 3 3 3 3 3 0 
3 3 3 3 3 3 6 6 6 6 6 6 6 6 6 6 6 10 10 10 10 10 10 10 13 13 16 16 20 23 33 0 0 0 0 0 0 0 0 0 0 131 0 0 0 0 36 23 23 20 20 20 20 20 20 20 20 23 26 30 0 0 0 0 0 98 0 0 0 86 95 138 0 0 0 0 0 0 0 0 0 0 0 86 90 0 0 0 0 0 0 0 0 0 0 0 0 111 0 0 0 93 0 0 0 0 0 56 56 56 60 66 0 0 0 0 30 23 20 20 16 16 13 13 13 13 13 13 13 13 13 10 10 10 10 10 10 10 10 10 10 10 10 10 10 10 10 10 10 10 10 10 10 10 6 6 6 6 6 6 6 6 6 6 6 3 3 3 3 3 3 3 3 3 3 3 3 3 3 3 3 3 3 3 3 3 3 3 3 3 3 3 3 3 3 3 3 3 0 0 
3 3 3 3 3 3 6 6 6 6 6 6 6 6 6 6 6 10 10 10 10 10 10 10 13 13 16 16 20 23 0 0 0 0 0 0 0 0 0 0 0 0 0 0 0 0 50 23 20 20 20 20 20 20 20 20 20 23 23 33 0 0 0 0 0 98 73 101 0 73 105 0 0 0 0 0 0 0 0 0 131 105 90 80 83 0 0 0 0 0 0 0 0 0 151 135 121 115 131 0 0 108 131 0 0 0 0 63 60 70 0 76 128 0 0 135 33 23 20 16 16 13 13 13 13 13 13 13 13 13 10 10 10 10 10 10 10 10 10 10 10 10 10 10 10 10 10 10 10 10 10 10 6 6 6 6 6 6 6 6 6 6 6 6 3 3 3 3 3 3 3 3 3 3 3 3 3 3 3 3 3 3 3 3 3 3 3 3 3 3 3 3 3 3 3 3 3 3 0 0 
3 3 3 3 3 3 3 6 6 6 6 6 6 6 6 6 6 6 10 10 10 10 10 10 10 13 13 16 16 20 0 0 0 0 0 0 0 0 0 0 0 0 0 0 53 76 0 20 20 16 16 16 16 16 20 20 20 20 23 40 0 0 0 0 0 0 60 53 56 80 0 0 0 0 0 0 0 0 0 0 0 0 86 76 76 0 0 0 0 0 0 0 0 0 148 141 155 0 0 0 0 161 135 0 0 0 118 70 118 0 0 93 0 0 0 0 43 30 20 16 16 13 13 13 13 13 13 13 13 10 10 10 10 10 10 10 10 10 10 10 10 10 10 10 10 10 10 10 10 10 6 6 6 6 6 6 6 6 6 6 6 6 6 3 3 3 3 3 3 3 3 3 3 3 3 3 3 3 3 3 3 3 3 3 3 3 3 3 3 3 3 3 3 3 3 3 3 0 0 0 
3 3 3 3 3 3 3 3 6 6 6 6 6 6 6 6 6 6 6 10 10 10 10 10 10 13 13 13 16 23 40 105 0 0 0 0 0 0 0 70 86 0 0 0 0 26 23 20 16 16 16 16 16 16 16 16 20 20 23 30 0 0 0 0 0 80 56 50 53 0 0 0 0 0 0 0 0 0 0 0 0 0 95 70 73 0 0 0 0 0 0 0 0 0 151 151 0 0 0 0 0 0 0 0 0 0 101 76 98 0 0 0 138 0 0 0 0 40 20 16 16 13 13 13 13 13 13 13 10 10 10 10 10 10 10 10 10 10 10 10 10 10 10 10 10 10 10 10 6 6 6 6 6 6 6 6 6 6 6 6 6 6 3 3 3 3 3 3 3 3 3 3 3 3 3 3 3 3 3 3 3 3 3 3 3 3 3 3 3 3 3 3 3 3 3 3 3 0 0 0 
3 3 3 3 3 3 3 3 6 6 6 6 6 6 6 6 6 6 6 10 10 10 10 10 10 10 13 13 16 23 0 0 0 0 0 0 0 0 0 50 53 0 0 0 33 23 20 16 16 16 16 16 16 16 16 16 16 20 20 26 0 43 43 60 0 0 0 46 46 108 0 0 0 0 0 0 0 0 0 0 0 0 0 63 70 0 0 0 0 0 0 0 0 0 158 0 0 0 0 0 0 0 0 0 0 0 0 86 95 138 0 0 0 0 0 0 70 0 20 16 13 13 13 13 13 13 13 10 10 10 10 10 10 10 10 10 10 10 10 10 10 10 10 10 10 10 6 6 6 6 6 6 6 6 6 6 6 6 6 6 6 3 3 3 3 3 3 3 3 3 3 3 3 3 3 3 3 3 3 3 3 3 3 3 3 3 3 3 3 3 3 3 3 3 3 3 0 0 0 0 
3 3 3 3 3 3 3 3 3 6 6 6 6 6 6 6 6 6 6 6 10 10 10 10 10 10 13 13 13 26 0 0 0 0 0 0 0 0 0 0 33 0 0 43 23 20 16 16 16 16 16 16 16 16 16 16 16 16 20 23 26 26 26 36 0 0 0 40 43 0 128 0 0 0 0 0 0 0 0 0 0 73 60 56 0 0 0 0 0 0 0 0 0 0 0 0 0 0 0 0 0 0 0 0 0 0 0 98 0 0 0 0 0 0 0 0 63 23 20 16 13 13 13 13 13 13 13 10 10 10 10 10 10 10 10 10 10 10 10 10 10 10 10 10 6 6 6 6 6 6 6 6 6 6 6 6 6 6 6 6 3 3 3 3 3 3 3 3 3 3 3 3 3 3 3 3 3 3 3 3 3 3 3 3 3 3 3 3 3 3 3 3 3 3 3 3 0 0 0 0 
3 3 3 3 3 3 3 3 3 3 6 6 6 6 6 6 6 6 6 6 6 10 10 10 10 10 13 13 13 20 40 53 0 0 80 0 0 36 0 30 26 53 161 0 23 20 16 16 16 16 16 16 16 16 16 16 16 16 16 20 23 23 23 30 36 43 33 36 43 60 0 0 0 0 148 125 0 93 0 0 0 56 50 53 0 0 0 0 0 0 0 0 0 0 0 0 0 0 0 0 0 0 0 0 0 0 0 111 0 0 0 0 0 0 46 33 26 20 16 16 13 13 13 13 13 13 10 10 10 10 10 10 10 10 10 10 10 10 10 10 10 10 6 6 6 6 6 6 6 6 6 6 6 6 6 6 6 6 6 3 3 3 3 3 3 3 3 3 3 3 3 3 3 3 3 3 3 3 3 3 3 3 3 3 3 3 3 3 3 3 3 3 3 3 3 0 0 0 0 0 
3 3 3 3 3 3 3 3 3 3 3 6 6 6 6 6 6 6 6 6 6 6 10 10 10 10 10 13 13 16 23 36 0 0 46 30 26 26 26 23 23 23 40 33 20 16 16 16 16 13 13 13 13 13 13 13 13 16 16 16 20 20 20 23 26 26 30 33 43 0 121 0 0 0 0 128 98 80 70 0 0 50 46 50 95 0 0 0 148 0 0 0 0 0 0 0 0 0 0 0 0 0 0 0 0 0 0 128 0 0 0 0 0 0 73 30 23 20 16 16 13 13 13 13 13 10 10 10 10 10 10 10 10 10 10 10 10 10 10 10 6 6 6 6 6 6 6 6 6 6 6 6 6 6 6 6 6 6 3 3 3 3 3 3 3 3 3 3 3 3 3 3 3 3 3 3 3 3 3 3 3 3 3 3 3 3 3 3 3 3 3 3 3 3 3 0 0 0 0 0 
3 3 3 3 3 3 3 3 3 3 3 3 6 6 6 6 6 6 6 6 6 6 6 10 10 10 10 13 13 16 20 0 0 0 56 26 23 20 20 16 20 20 23 20 16 16 16 13 13 13 13 13 13 13 13 13 13 13 13 16 16 20 20 20 23 26 26 33 46 0 0 0 0 0 0 0 0 90 63 56 53 46 43 46 60 0 0 0 118 0 0 0 0 0 0 0 0 0 0 0 0 0 0 0 0 0 0 145 0 0 0 0 0 0 0 30 20 20 16 13 13 13 13 13 13 10 10 10 10 10 10 10 10 10 10 10 10 10 6 6 6 6 6 6 6 6 6 6 6 6 6 6 6 6 6 6 6 3 3 3 3 3 3 3 3 3 3 3 3 3 3 3 3 3 3 3 3 3 3 3 3 3 3 3 3 3 3 3 3 3 3 3 3 3 0 0 0 0 0 0 
3 3 3 3 3 3 3 3 3 3 3 3 3 6 6 6 6 6 6 6 6 6 6 10 10 10 10 10 13 13 20 101 0 135 0 23 20 16 16 16 16 16 16 16 13 13 13 13 13 13 13 13 13 13 13 13 13 13 13 13 16 16 20 20 20 23 26 30 0 0 0 0 0 0 0 0 0 0 0 53 46 43 43 43 46 50 73 145 95 0 0 0 0 0 0 0 0 0 0 0 0 0 0 0 0 0 0 0 0 0 0 0 0 0 0 33 20 20 16 13 13 13 13 13 10 10 10 10 10 10 10 10 10 10 10 10 6 6 6 6 6 6 6 6 6 6 6 6 6 6 6 6 6 6 6 6 3 3 3 3 3 3 3 3 3 3 3 3 3 3 3 3 3 3 3 3 3 3 3 3 3 3 3 3 3 3 3 3 3 3 3 3 3 3 0 0 0 0 0 0 
3 3 3 3 3 3 3 3 3 3 3 3 3 3 6 6 6 6 6 6 6 6 6 6 10 10 10 10 13 13 16 60 80 0 0 20 16 16 16 16 16 13 13 13 13 13 13 13 13 13 13 13 13 13 13 13 13 13 13 13 13 16 16 20 20 23 23 33 76 0 0 0 0 0 0 0 0 0 70 50 46 43 40 40 40 43 63 98 80 0 0 0 0 0 0 0 0 0 0 0 0 0 0 0 0 0 0 0 0 0 0 0 0 0 46 26 20 16 16 13 13 13 13 10 10 10 10 10 10 10 10 10 10 10 6 6 6 6 6 6 6 6 6 6 6 6 6 6 6 6 6 6 6 6 6 3 3 3 3 3 3 3 3 3 3 3 3 3 3 3 3 3 3 3 3 3 3 3 3 3 3 3 3 3 3 3 3 3 3 3 3 3 3 0 0 0 0 0 0 0 
3 3 3 3 3 3 3 3 3 3 3 3 3 3 3 6 6 6 6 6 6 6 6 6 6 10 10 10 10 13 16 0 26 20 20 16 13 13 13 13 13 13 13 13 13 13 13 13 13 13 13 13 13 13 13 13 13 13 13 13 13 16 16 16 20 20 23 131 0 0 0 0 0 0 0 0 0 0 0 53 46 40 40 36 36 40 46 60 76 111 0 0 0 0 0 0 0 0 0 0 0 0 0 151 0 0 0 0 0 0 0 0 0 0 0 26 20 16 16 13 13 13 13 10 10 10 10 10 10 10 10 10 6 6 6 6 6 6 6 6 6 6 6 6 6 6 6 6 6 6 6 6 6 6 3 3 3 3 3 3 3 3 3 3 3 3 3 3 3 3 3 3 3 3 3 3 3 3 3 3 3 3 3 3 3 3 3 3 3 3 3 3 0 0 0 0 0 0 0 0 
3 3 3 3 3 3 3 3 3 3 3 3 3 3 3 3 6 6 6 6 6 6 6 6 6 6 10 10 10 10 13 20 16 16 13 13 13 13 13 13 13 13 10 10 10 10 10 10 10 10 10 10 13 13 13 13 13 13 13 13 13 13 16 16 16 20 23 63 0 0 0 0 0 0 0 0 0 0 66 56 53 40 36 36 36 40 46 66 0 0 0 0 0 0 0 0 0 0 0 0 0 0 0 161 0 0 0 0 0 0 0 0 0 0 36 23 20 16 16 13 13 13 10 10 10 10 10 10 10 10 10 6 6 6 6 6 6 6 6 6 6 6 6 6 6 6 6 6 6 6 6 6 6 6 3 3 3 3 3 3 3 3 3 3 3 3 3 3 3 3 3 3 3 3 3 3 3 3 3 3 3 3 3 3 3 3 3 3 3 3 3 3 0 0 0 0 0 0 0 0 
3 3 3 3 3 3 3 3 3 3 3 3 3 3 3 3 3 6 6 6 6 6 6 6 6 6 6 6 10 10 10 13 13 13 13 13 13 13 13 13 10 10 10 10 10 10 10 10 10 10 10 10 10 10 13 13 13 13 13 13 13 13 13 16 16 20 26 50 0 0 0 0 0 0 0 0 0 108 0 63 76 43 33 33 33 36 0 0 0 0 0 0 0 0 0 0 0 0 0 0 0 0 0 0 111 0 0 0 0 0 0 0 0 0 40 26 20 16 16 13 13 13 10 10 10 10 10 10 10 6 6 6 6 6 6 6 6 6 6 6 6 6 6 6 6 6 6 6 6 6 6 6 6 3 3 3 3 3 3 3 3 3 3 3 3 3 3 3 3 3 3 3 3 3 3 3 3 3 3 3 3 3 3 3 3 3 3 3 3 3 3 0 0 0 0 0 0 0 0 0 
3 3 3 3 3 3 3 3 3 3 3 3 3 3 3 3 3 3 6 6 6 6 6 6 6 6 6 6 6 10 10 10 10 13 13 13 13 10 10 10 10 10 10 10 10 10 10 10 10 10 10 10 10 10 10 10 13 13 13 13 13 13 13 16 16 16 26 0 0 0 0 0 0 0 0 0 0 0 0 131 148 43 33 30 30 33 0 0 0 0 0 0 0 0 0 0 0 0 0 0 0 0 0 0 105 83 0 151 0 0 0 0 0 0 53 70 20 16 13 13 13 10 10 10 10 10 10 10 6 6 6 6 6 6 6 6 6 6 6 6 6 6 6 6 6 6 6 6 6 6 6 6 3 3 3 3 3 3 3 3 3 3 3 3 3 3 3 3 3 3 3 3 3 3 3 3 3 3 3 3 3 3 3 3 3 3 3 3 3 3 3 0 0 0 0 0 0 0 0 0 
3 3 3 3 3 3 3 3 3 3 3 3 3 3 3 3 3 3 3 3 6 6 6 6 6 6 6 6 6 6 10 10 10 10 10 10 10 10 10 10 10 10 10 10 10 10 10 10 10 10 10 10 10 10 10 10 10 13 13 13 13 13 13 13 16 16 20 46 0 141 0 0 0 0 0 0 0 0 0 0 0 40 30 30 30 30 40 0 111 0 0 0 0 0 0 0 0 0 0 0 0 0 0 0 0 73 0 50 0 151 0 0 0 0 0 0 20 16 13 13 13 10 10 10 10 10 10 6 6 6 6 6 6 6 6 6 6 6 6 6 6 6 6 6 6 6 6 6 6 6 6 3 3 3 3 3 3 3 3 3 3 3 3 3 3 3 3 3 3 3 3 3 3 3 3 3 3 3 3 3 3 3 3 3 3 3 3 3 3 3 0 0 0 0 0 0 0 0 0 0 
3 3 3 3 3 3 3 3 3 3 3 3 3 3 3 3 3 3 3 3 3 6 6 6 6 6 6 6 6 6 6 6 10 10 10 10 10 10 10 10 10 10 10 10 10 10 10 10 10 10 10 10 10 10 10 10 10 10 13 13 13 13 13 13 16 16 20 26 46 0 0 56 0 0 0 46 0 0 111 0 0 30 26 26 30 30 36 0 98 0 0 0 0 0 0 0 0 0 0 0 0 0 0 0 138 115 50 43 36 0 0 0 0 0 0 0 20 16 13 13 10 10 10 10 10 10 6 6 6 6 6 6 6 6 6 6 6 6 6 6 6 6 6 6 6 6 6 6 6 6 3 3 3 3 3 3 3 3 3 3 3 3 3 3 3 3 3 3 3 3 3 3 3 3 3 3 3 3 3 3 3 3 3 3 3 3 3 3 3 0 0 0 0 0 0 0 0 0 0 0 
3 3 3 3 3 3 3 3 3 3 3 3 3 3 3 3 3 3 3 3 3 3 6 6 6 6 6 6 6 6 6 6 6 10 10 10 10 10 10 10 10 10 10 10 10 10 10 10 10 10 10 10 10 10 10 10 10 10 10 10 13 13 13 13 13 16 20 23 0 0 60 33 30 0 36 33 0 0 0 46 33 26 26 26 26 30 36 50 83 0 0 0 0 0 0 0 0 0 0 0 0 0 0 0 0 0 50 40 33 30 0 53 0 40 0 43 20 13 13 10 10 10 10 10 10 6 6 6 6 6 6 6 6 6 6 6 6 6 6 6 6 6 6 6 6 6 6 6 6 3 3 3 3 3 3 3 3 3 3 3 3 3 3 3 3 3 3 3 3 3 3 3 3 3 3 3 3 3 3 3 3 3 3 3 3 3 3 3 3 0 0 0 0 0 0 0 0 0 0 0 
3 3 3 3 3 3 3 3 3 3 3 3 3 3 3 3 3 3 3 3 3 3 3 3 6 6 6 6 6 6 6 6 6 6 6 6 10 10 10 10 10 10 10 10 10 10 10 10 10 10 10 10 10 10 10 10 10 10 10 10 10 13 13 13 13 16 16 23 0 0 0 26 23 23 23 26 131 53 30 26 23 23 23 23 26 30 43 0 0 158 0 0 0 0 0 0 0 0 0 0 0 0 0 0 0 76 56 0 30 26 26 33 60 26 0 0 16 13 13 10 10 10 10 10 6 6 6 6 6 6 6 6 6 6 6 6 6 6 6 6 6 6 6 6 6 6 6 6 3 3 3 3 3 3 3 3 3 3 3 3 3 3 3 3 3 3 3 3 3 3 3 3 3 3 3 3 3 3 3 3 3 3 3 3 3 3 3 3 0 0 0 0 0 0 0 0 0 0 0 0 
3 3 3 3 3 3 3 3 3 3 3 3 3 3 3 3 3 3 3 3 3 3 3 3 3 6 6 6 6 6 6 6 6 6 6 6 6 6 10 10 10 10 10 10 10 10 10 10 10 10 10 10 10 10 10 10 10 10 10 10 10 10 13 13 13 13 16 23 0 76 0 23 20 20 20 23 30 40 23 23 20 20 23 23 23 26 0 0 0 0 0 0 0 0 0 0 0 0 0 0 0 0 0 0 0 0 93 161 26 23 23 23 23 20 20 20 13 13 10 10 10 10 10 6 6 6 6 6 6 6 6 6 6 6 6 6 6 6 6 6 6 6 6 6 6 6 6 3 3 3 3 3 3 3 3 3 3 3 3 3 3 3 3 3 3 3 3 3 3 3 3 3 3 3 3 3 3 3 3 3 3 3 3 3 3 3 3 0 0 0 0 0 0 0 0 0 0 0 0 0 
0 3 3 3 3 3 3 3 3 3 3 3 3 3 3 3 3 3 3 3 3 3 3 3 3 3 3 6 6 6 6 6 6 6 6 6 6 6 6 6 6 10 10 10 10 10 10 10 10 10 10 10 10 10 10 10 10 10 10 10 10 10 10 10 13 13 13 16 23 20 20 16 16 20 20 20 20 23 20 20 20 20 20 20 23 23 33 0 111 0 0 0 0 0 0 0 0 0 0 0 0 0 0 0 0 0 0 53 23 20 20 20 16 16 16 16 13 10 10 10 10 10 6 6 6 6 6 6 6 6 6 6 6 6 6 6 6 6 6 6 6 6 6 6 6 6 3 3 3 3 3 3 3 3 3 3 3 3 3 3 3 3 3 3 3 3 3 3 3 3 3 3 3 3 3 3 3 3 3 3 3 3 3 3 3 3 3 0 0 0 0 0 0 0 0 0 0 0 0 0 
0 3 3 3 3 3 3 3 3 3 3 3 3 3 3 3 3 3 3 3 3 3 3 3 3 3 3 3 6 6 6 6 6 6 6 6 6 6 6 6 6 6 6 6 6 6 10 10 10 10 10 10 10 10 10 10 10 10 10 10 10 10 10 10 10 13 13 13 16 16 16 16 16 16 16 16 16 16 16 20 20 20 20 20 23 23 30 76 76 0 0 0 0 0 0 0 0 0 0 0 0 0 0 0 0 0 0 30 20 20 16 16 16 16 16 13 13 10 10 10 10 6 6 6 6 6 6 6 6 6 6 6 6 6 6 6 6 6 6 6 6 6 6 6 6 3 3 3 3 3 3 3 3 3 3 3 3 3 3 3 3 3 3 3 3 3 3 3 3 3 3 3 3 3 3 3 3 3 3 3 3 3 3 3 3 3 0 0 0 0 0 0 0 0 0 0 0 0 0 0 
0 0 3 3 3 3 3 3 3 3 3 3 3 3 3 3 3 3 3 3 3 3 3 3 3 3 3 3 3 3 6 6 6 6 6 6 6 6 6 6 6 6 6 6 6 6 6 6 6 6 6 10 10 10 10 10 10 10 10 10 10 10 10 10 10 10 13 13 13 13 16 16 16 16 16 16 16 16 16 16 16 16 20 20 20 23 30 40 76 108 0 0 0 0 0 0 0 0 0 0 0 0 0 60 0 0 43 23 20 16 16 16 16 13 13 13 10 10 10 10 10 6 6 6 6 6 6 6 6 6 6 6 6 6 6 6 6 6 6 6 6 6 6 6 3 3 3 3 3 3 3 3 3 3 3 3 3 3 3 3 3 3 3 3 3 3 3 3 3 3 3 3 3 3 3 3 3 3 3 3 3 3 3 3 3 0 0 0 0 0 0 0 0 0 0 0 0 0 0 0 
0 0 3 3 3 3 3 3 3 3 3 3 3 3 3 3 3 3 3 3 3 3 3 3 3 3 3 3 3 3 3 6 6 6 6 6 6 6 6 6 6 6 6 6 6 6 6 6 6 6 6 6 6 6 6 6 10 10 10 10 10 10 10 10 10 10 10 10 13 13 13 13 13 13 13 13 13 13 13 16 16 16 16 20 20 23 30 118 0 0 0 0 0 0 0 0 0 0 0 0 0 0 95 0 46 0 0 20 16 16 16 13 13 13 13 10 10 10 10 10 6 6 6 6 6 6 6 6 6 6 6 6 6 6 6 6 6 6 6 6 6 6 6 3 3 3 3 3 3 3 3 3 3 3 3 3 3 3 3 3 3 3 3 3 3 3 3 3 3 3 3 3 3 3 3 3 3 3 3 3 3 3 3 3 0 0 0 0 0 0 0 0 0 0 0 0 0 0 0 0 
0 0 3 3 3 3 3 3 3 3 3 3 3 3 3 3 3 3 3 3 3 3 3 3 3 3 3 3 3 3 3 3 3 6 6 6 6 6 6 6 6 6 6 6 6 6 6 6 6 6 6 6 6 6 6 6 6 6 6 10 10 10 10 10 10 10 10 10 10 13 13 13 13 13 13 13 13 13 13 13 16 16 16 16 20 23 40 0 0 0 0 0 0 0 0 0 0 0 0 0 0 0 0 43 30 36 0 20 16 13 13 13 13 13 13 10 10 10 10 6 6 6 6 6 6 6 6 6 6 6 6 6 6 6 6 6 6 6 6 6 6 6 3 3 3 3 3 3 3 3 3 3 3 3 3 3 3 3 3 3 3 3 3 3 3 3 3 3 3 3 3 3 3 3 3 3 3 3 3 3 3 3 3 0 0 0 0 0 0 0 0 0 0 0 0 0 0 0 0 0 
0 0 0 3 3 3 3 3 3 3 3 3 3 3 3 3 3 3 3 3 3 3 3 3 3 3 3 3 3 3 3 3 3 3 6 6 6 6 6 6 6 6 6 6 6 6 6 6 6 6 6 6 6 6 6 6 6 6 6 6 6 6 10 10 10 10 10 10 10 10 10 13 13 13 13 13 13 13 13 13 13 16 16 16 16 20 33 0 0 0 0 0 0 0 0 0 0 0 0 0 0 50 0 26 23 23 20 16 13 13 13 13 13 13 10 10 10 10 6 6 6 6 6 6 6 6 6 6 6 6 6 6 6 6 6 6 6 6 6 6 6 3 3 3 3 3 3 3 3 3 3 3 3 3 3 3 3 3 3 3 3 3 3 3 3 3 3 3 3 3 3 3 3 3 3 3 3 3 3 3 3 3 3 0 0 0 0 0 0 0 0 0 0 0 0 0 0 0 0 0 
0 0 0 3 3 3 3 3 3 3 3 3 3 3 3 3 3 3 3 3 3 3 3 3 3 3 3 3 3 3 3 3 3 3 3 3 6 6 6 6 6 6 6 6 6 6 6 6 6 6 6 6 6 6 6 6 6 6 6 6 6 6 6 6 10 10 10 10 10 10 10 10 10 13 13 13 13 13 13 13 13 13 16 16 16 20 23 36 108 0 0 0 0 0 0 0 0 0 0 93 0 36 33 23 20 20 16 13 13 13 13 13 13 10 10 10 10 10 6 6 6 6 6 6 6 6 6 6 6 6 6 6 6 6 6 6 6 6 6 6 3 3 3 3 3 3 3 3 3 3 3 3 3 3 3 3 3 3 3 3 3 3 3 3 3 3 3 3 3 3 3 3 3 3 3 3 3 3 3 3 3 3 0 0 0 0 0 0 0 0 0 0 0 0 0 0 0 0 0 0 
0 0 0 0 3 3 3 3 3 3 3 3 3 3 3 3 3 3 3 3 3 3 3 3 3 3 3 3 3 3 3 3 3 3 3 3 3 6 6 6 6 6 6 6 6 6 6 6 6 6 6 6 6 6 6 6 6 6 6 6 6 6 6 6 6 6 10 10 10 10 10 10 10 10 10 13 13 13 13 13 13 13 13 16 16 16 23 30 0 53 90 138 0 0 0 0 0 0 0 0 0 30 23 20 20 16 16 13 13 13 13 13 10 10 10 10 10 6 6 6 6 6 6 6 6 6 6 6 6 6 6 6 6 6 6 6 6 6 6 3 3 3 3 3 3 3 3 3 3 3 3 3 3 3 3 3 3 3 3 3 3 3 3 3 3 3 3 3 3 3 3 3 3 3 3 3 3 3 3 3 3 0 0 0 0 0 0 0 0 0 0 0 0 0 0 0 0 0 0 0 
0 0 0 0 3 3 3 3 3 3 3 3 3 3 3 3 3 3 3 3 3 3 3 3 3 3 3 3 3 3 3 3 3 3 3 3 3 3 3 6 6 6 6 6 6 6 6 6 6 6 6 6 6 6 6 6 6 6 6 6 6 6 6 6 6 6 6 6 10 10 10 10 10 10 10 10 13 13 13 13 13 13 13 16 16 16 20 23 33 53 0 0 0 0 0 0 0 0 76 0 33 26 23 20 16 16 13 13 13 13 13 10 10 10 10 10 6 6 6 6 6 6 6 6 6 6 6 6 6 6 6 6 6 6 6 6 6 6 3 3 3 3 3 3 3 3 3 3 3 3 3 3 3 3 3 3 3 3 3 3 3 3 3 3 3 3 3 3 3 3 3 3 3 3 3 3 3 3 3 3 0 0 0 0 0 0 0 0 0 0 0 0 0 0 0 0 0 0 0 0 
0 0 0 0 0 3 3 3 3 3 3 3 3 3 3 3 3 3 3 3 3 3 3 3 3 3 3 3 3 3 3 3 3 3 3 3 3 3 3 3 6 6 6 6 6 6 6 6 6 6 6 6 6 6 6 6 6 6 6 6 6 6 6 6 6 6 6 6 6 10 10 10 10 10 10 10 10 10 13 13 13 13 13 13 16 16 20 23 40 0 0 0 0 0 0 155 0 0 0 40 30 26 20 20 16 16 13 13 13 13 10 10 10 10 10 10 6 6 6 6 6 6 6 6 6 6 6 6 6 6 6 6 6 6 6 6 6 3 3 3 3 3 3 3 3 3 3 3 3 3 3 3 3 3 3 3 3 3 3 3 3 3 3 3 3 3 3 3 3 3 3 3 3 3 3 3 3 3 3 0 0 0 0 0 0 0 0 0 0 0 0 0 0 0 0 0 0 0 0 0 
0 0 0 0 0 3 3 3 3 3 3 3 3 3 3 3 3 3 3 3 3 3 3 3 3 3 3 3 3 3 3 3 3 3 3 3 3 3 3 3 3 6 6 6 6 6 6 6 6 6 6 6 6 6 6 6 6 6 6 6 6 6 6 6 6 6 6 6 6 6 6 10 10 10 10 10 10 10 10 10 13 13 13 13 13 16 20 26 0 0 0 138 0 111 131 0 0 0 0 40 33 26 20 16 16 13 13 13 13 10 10 10 10 10 10 6 6 6 6 6 6 6 6 6 6 6 6 6 6 6 6 6 6 6 6 6 3 3 3 3 3 3 3 3 3 3 3 3 3 3 3 3 3 3 3 3 3 3 3 3 3 3 3 3 3 3 3 3 3 3 3 3 3 3 3 3 3 3 0 0 0 0 0 0 0 0 0 0 0 0 0 0 0 0 0 0 0 0 0 0 
0 0 0 0 0 0 3 3 3 3 3 3 3 3 3 3 3 3 3 3 3 3 3 3 3 3 3 3 3 3 3 3 3 3 3 3 3 3 3 3 3 3 3 6 6 6 6 6 6 6 6 6 6 6 6 6 6 6 6 6 6 6 6 6 6 6 6 6 6 6 6 6 10 10 10 10 10 10 10 10 10 13 13 13 13 16 20 30 0 0 0 0 0 0 0 0 0 0 60 43 0 30 20 16 16 13 13 13 10 10 10 10 10 10 10 6 6 6 6 6 6 6 6 6 6 6 6 6 6 6 6 6 6 6 6 3 3 3 3 3 3 3 3 3 3 3 3 3 3 3 3 3 3 3 3 3 3 3 3 3 3 3 3 3 3 3 3 3 3 3 3 3 3 3 3 3 3 0 0 0 0 0 0 0 0 0 0 0 0 0 0 0 0 0 0 0 0 0 0 0 
0 0 0 0 0 0 0 3 3 3 3 3 3 3 3 3 3 3 3 3 3 3 3 3 3 3 3 3 3 3 3 3 3 3 3 3 3 3 3 3 3 3 3 3 6 6 6 6 6 6 6 6 6 6 6 6 6 6 6 6 6 6 6 6 6 6 6 6 6 6 6 6 6 10 10 10 10 10 10 10 10 10 10 13 13 13 16 30 0 0 0 0 53 53 0 0 0 101 0 56 135 50 20 16 16 13 13 13 10 10 10 10 10 10 6 6 6 6 6 6 6 6 6 6 6 6 6 6 6 6 6 6 6 6 3 3 3 3 3 3 3 3 3 3 3 3 3 3 3 3 3 3 3 3 3 3 3 3 3 3 3 3 3 3 3 3 3 3 3 3 3 3 3 3 3 3 0 0 0 0 0 0 0 0 0 0 0 0 0 0 0 0 0 0 0 0 0 0 0 0 
0 0 0 0 0 0 0 3 3 3 3 3 3 3 3 3 3 3 3 3 3 3 3 3 3 3 3 3 3 3 3 3 3 3 3 3 3 3 3 3 3 3 3 3 3 6 6 6 6 6 6 6 6 6 6 6 6 6 6 6 6 6 6 6 6 6 6 6 6 6 6 6 6 6 10 10 10 10 10 10 10 10 10 10 13 13 16 33 0 36 0 0 46 43 0 0 0 0 0 80 0 0 20 16 13 13 13 10 10 10 10 10 10 6 6 6 6 6 6 6 6 6 6 6 6 6 6 6 6 6 6 6 6 3 3 3 3 3 3 3 3 3 3 3 3 3 3 3 3 3 3 3 3 3 3 3 3 3 3 3 3 3 3 3 3 3 3 3 3 3 3 3 3 3 3 0 0 0 0 0 0 0 0 0 0 0 0 0 0 0 0 0 0 0 0 0 0 0 0 0 
0 0 0 0 0 0 0 0 3 3 3 3 3 3 3 3 3 3 3 3 3 3 3 3 3 3 3 3 3 3 3 3 3 3 3 3 3 3 3 3 3 3 3 3 3 3 3 6 6 6 6 6 6 6 6 6 6 6 6 6 6 6 6 6 6 6 6 6 6 6 6 6 6 6 6 10 10 10 10 10 10 10 10 10 10 13 13 16 20 23 0 0 36 36 80 0 0 0 0 135 0 0 20 16 13 13 10 10 10 10 10 10 10 6 6 6 6 6 6 6 6 6 6 6 6 6 6 6 6 6 6 6 3 3 3 3 3 3 3 3 3 3 3 3 3 3 3 3 3 3 3 3 3 3 3 3 3 3 3 3 3 3 3 3 3 3 3 3 3 3 3 3 3 3 0 0 0 0 0 0 0 0 0 0 0 0 0 0 0 0 0 0 0 0 0 0 0 0 0 0 
0 0 0 0 0 0 0 0 3 3 3 3 3 3 3 3 3 3 3 3 3 3 3 3 3 3 3 3 3 3 3 3 3 3 3 3 3 3 3 3 3 3 3 3 3 3 3 3 6 6 6 6 6 6 6 6 6 6 6 6 6 6 6 6 6 6 6 6 6 6 6 6 6 6 6 6 10 10 10 10 10 10 10 10 10 10 13 13 16 20 23 23 26 33 0 0 0 0 155 0 0 36 20 13 13 10 10 10 10 10 10 10 6 6 6 6 6 6 6 6 6 6 6 6 6 6 6 6 6 6 6 3 3 3 3 3 3 3 3 3 3 3 3 3 3 3 3 3 3 3 3 3 3 3 3 3 3 3 3 3 3 3 3 3 3 3 3 3 3 3 3 3 3 0 0 0 0 0 0 0 0 0 0 0 0 0 0 0 0 0 0 0 0 0 0 0 0 0 0 0 
0 0 0 0 0 0 0 0 0 3 3 3 3 3 3 3 3 3 3 3 3 3 3 3 3 3 3 3 3 3 3 3 3 3 3 3 3 3 3 3 3 3 3 3 3 3 3 3 3 3 6 6 6 6 6 6 6 6 6 6 6 6 6 6 6 6 6 6 6 6 6 6 6 6 6 6 6 10 10 10 10 10 10 10 10 10 10 13 13 16 16 20 23 40 161 0 0 0 0 60 0 0 20 13 13 10 10 10 10 10 10 6 6 6 6 6 6 6 6 6 6 6 6 6 6 6 6 6 6 6 3 3 3 3 3 3 3 3 3 3 3 3 3 3 3 3 3 3 3 3 3 3 3 3 3 3 3 3 3 3 3 3 3 3 3 3 3 3 3 3 3 3 0 0 0 0 0 0 0 0 0 0 0 0 0 0 0 0 0 0 0 0 0 0 0 0 0 0 0 0 
0 0 0 0 0 0 0 0 0 0 3 3 3 3 3 3 3 3 3 3 3 3 3 3 3 3 3 3 3 3 3 3 3 3 3 3 3 3 3 3 3 3 3 3 3 3 3 3 3 3 3 6 6 6 6 6 6 6 6 6 6 6 6 6 6 6 6 6 6 6 6 6 6 6 6 6 6 6 10 10 10 10 10 10 10 10 10 13 13 16 16 16 20 36 0 0 0 0 0 0 26 26 16 13 10 10 10 10 10 10 10 6 6 6 6 6 6 6 6 6 6 6 6 6 6 6 6 6 6 3 3 3 3 3 3 3 3 3 3 3 3 3 3 3 3 3 3 3 3 3 3 3 3 3 3 3 3 3 3 3 3 3 3 3 3 3 3 3 3 3 3 0 0 0 0 0 0 0 0 0 0 0 0 0 0 0 0 0 0 0 0 0 0 0 0 0 0 0 0 0 
0 0 0 0 0 0 0 0 0 0 3 3 3 3 3 3 3 3 3 3 3 3 3 3 3 3 3 3 3 3 3 3 3 3 3 3 3 3 3 3 3 3 3 3 3 3 3 3 3 3 3 3 6 6 6 6 6 6 6 6 6 6 6 6 6 6 6 6 6 6 6 6 6 6 6 6 6 6 6 10 10 10 10 10 10 10 10 10 13 13 16 16 20 53 0 0 0 0 60 30 20 16 13 10 10 10 10 10 10 10 6 6 6 6 6 6 6 6 6 6 6 6 6 6 6 6 6 6 3 3 3 3 3 3 3 3 3 3 3 3 3 3 3 3 3 3 3 3 3 3 3 3 3 3 3 3 3 3 3 3 3 3 3 3 3 3 3 3 3 3 0 0 0 0 0 0 0 0 0 0 0 0 0 0 0 0 0 0 0 0 0 0 0 0 0 0 0 0 0 0 
0 0 0 0 0 0 0 0 0 0 0 3 3 3 3 3 3 3 3 3 3 3 3 3 3 3 3 3 3 3 3 3 3 3 3 3 3 3 3 3 3 3 3 3 3 3 3 3 3 3 3 3 3 3 6 6 6 6 6 6 6 6 6 6 6 6 6 6 6 6 6 6 6 6 6 6 6 6 6 6 10 10 10 10 10 10 10 10 10 13 13 16 20 30 0 0 0 0 26 20 16 13 13 10 10 10 10 10 10 6 6 6 6 6 6 6 6 6 6 6 6 6 6 6 6 6 6 3 3 3 3 3 3 3 3 3 3 3 3 3 3 3 3 3 3 3 3 3 3 3 3 3 3 3 3 3 3 3 3 3 3 3 3 3 3 3 3 3 3 0 0 0 0 0 0 0 0 0 0 0 0 0 0 0 0 0 0 0 0 0 0 0 0 0 0 0 0 0 0 0 
0 0 0 0 0 0 0 0 0 0 0 0 3 3 3 3 3 3 3 3 3 3 3 3 3 3 3 3 3 3 3 3 3 3 3 3 3 3 3 3 3 3 3 3 3 3 3 3 3 3 3 3 3 3 3 6 6 6 6 6 6 6 6 6 6 6 6 6 6 6 6 6 6 6 6 6 6 6 6 6 6 10 10 10 10 10 10 10 10 13 13 13 16 83 0 0 0 33 20 16 16 13 10 10 10 10 10 10 10 6 6 6 6 6 6 6 6 6 6 6 6 6 6 6 6 3 3 3 3 3 3 3 3 3 3 3 3 3 3 3 3 3 3 3 3 3 3 3 3 3 3 3 3 3 3 3 3 3 3 3 3 3 3 3 3 3 3 3 0 0 0 0 0 0 0 0 0 0 0 0 0 0 0 0 0 0 0 0 0 0 0 0 0 0 0 0 0 0 0 0 
0 0 0 0 0 0 0 0 0 0 0 0 3 3 3 3 3 3 3 3 3 3 3 3 3 3 3 3 3 3 3 3 3 3 3 3 3 3 3 3 3 3 3 3 3 3 3 3 3 3 3 3 3 3 3 3 3 6 6 6 6 6 6 6 6 6 6 6 6 6 6 6 6 6 6 6 6 6 6 6 6 6 10 10 10 10 10 10 10 10 13 13 13 23 0 138 0 0 20 16 13 13 10 10 10 10 10 10 6 6 6 6 6 6 6 6 6 6 6 6 6 6 6 6 3 3 3 3 3 3 3 3 3 3 3 3 3 3 3 3 3 3 3 3 3 3 3 3 3 3 3 3 3 3 3 3 3 3 3 3 3 3 3 3 3 3 0 0 0 0 0 0 0 0 0 0 0 0 0 0 0 0 0 0 0 0 0 0 0 0 0 0 0 0 0 0 0 0 0 0 
0 0 0 0 0 0 0 0 0 0 0 0 0 3 3 3 3 3 3 3 3 3 3 3 3 3 3 3 3 3 3 3 3 3 3 3 3 3 3 3 3 3 3 3 3 3 3 3 3 3 3 3 3 3 3 3 3 3 6 6 6 6 6 6 6 6 6 6 6 6 6 6 6 6 6 6 6 6 6 6 6 6 6 10 10 10 10 10 10 10 10 13 13 16 23 0 0 0 16 13 13 10 10 10 10 10 10 6 6 6 6 6 6 6 6 6 6 6 6 6 6 6 6 3 3 3 3 3 3 3 3 3 3 3 3 3 3 3 3 3 3 3 3 3 3 3 3 3 3 3 3 3 3 3 3 3 3 3 3 3 3 3 3 3 3 0 0 0 0 0 0 0 0 0 0 0 0 0 0 0 0 0 0 0 0 0 0 0 0 0 0 0 0 0 0 0 0 0 0 0 
0 0 0 0 0 0 0 0 0 0 0 0 0 0 3 3 3 3 3 3 3 3 3 3 3 3 3 3 3 3 3 3 3 3 3 3 3 3 3 3 3 3 3 3 3 3 3 3 3 3 3 3 3 3 3 3 3 3 3 3 6 6 6 6 6 6 6 6 6 6 6 6 6 6 6 6 6 6 6 6 6 6 6 6 10 10 10 10 10 10 10 13 13 13 20 0 0 20 13 13 10 10 10 10 10 10 6 6 6 6 6 6 6 6 6 6 6 6 6 6 6 3 3 3 3 3 3 3 3 3 3 3 3 3 3 3 3 3 3 3 3 3 3 3 3 3 3 3 3 3 3 3 3 3 3 3 3 3 3 3 3 3 3 3 0 0 0 0 0 0 0 0 0 0 0 0 0 0 0 0 0 0 0 0 0 0 0 0 0 0 0 0 0 0 0 0 0 0 0 0 
0 0 0 0 0 0 0 0 0 0 0 0 0 0 0 3 3 3 3 3 3 3 3 3 3 3 3 3 3 3 3 3 3 3 3 3 3 3 3 3 3 3 3 3 3 3 3 3 3 3 3 3 3 3 3 3 3 3 3 3 3 6 6 6 6 6 6 6 6 6 6 6 6 6 6 6 6 6 6 6 6 6 6 6 6 6 10 10 10 10 10 10 13 13 16 0 20 13 13 13 10 10 10 10 10 6 6 6 6 6 6 6 6 6 6 6 6 6 6 6 3 3 3 3 3 3 3 3 3 3 3 3 3 3 3 3 3 3 3 3 3 3 3 3 3 3 3 3 3 3 3 3 3 3 3 3 3 3 3 3 3 3 0 0 0 0 0 0 0 0 0 0 0 0 0 0 0 0 0 0 0 0 0 0 0 0 0 0 0 0 0 0 0 0 0 0 0 0 0 0 
0 0 0 0 0 0 0 0 0 0 0 0 0 0 0 0 3 3 3 3 3 3 3 3 3 3 3 3 3 3 3 3 3 3 3 3 3 3 3 3 3 3 3 3 3 3 3 3 3 3 3 3 3 3 3 3 3 3 3 3 3 3 3 6 6 6 6 6 6 6 6 6 6 6 6 6 6 6 6 6 6 6 6 6 6 6 6 10 10 10 10 10 10 13 13 16 16 13 10 10 10 10 10 6 6 6 6 6 6 6 6 6 6 6 6 6 6 6 3 3 3 3 3 3 3 3 3 3 3 3 3 3 3 3 3 3 3 3 3 3 3 3 3 3 3 3 3 3 3 3 3 3 3 3 3 3 3 3 3 3 3 0 0 0 0 0 0 0 0 0 0 0 0 0 0 0 0 0 0 0 0 0 0 0 0 0 0 0 0 0 0 0 0 0 0 0 0 0 0 0 
0 0 0 0 0 0 0 0 0 0 0 0 0 0 0 0 3 3 3 3 3 3 3 3 3 3 3 3 3 3 3 3 3 3 3 3 3 3 3 3 3 3 3 3 3 3 3 3 3 3 3 3 3 3 3 3 3 3 3 3 3 3 3 3 3 6 6 6 6 6 6 6 6 6 6 6 6 6 6 6 6 6 6 6 6 6 6 6 6 10 10 10 10 10 10 10 10 10 10 10 10 10 6 6 6 6 6 6 6 6 6 6 6 6 6 6 6 3 3 3 3 3 3 3 3 3 3 3 3 3 3 3 3 3 3 3 3 3 3 3 3 3 3 3 3 3 3 3 3 3 3 3 3 3 3 3 3 3 3 3 0 0 0 0 0 0 0 0 0 0 0 0 0 0 0 0 0 0 0 0 0 0 0 0 0 0 0 0 0 0 0 0 0 0 0 0 0 0 0 0 
0 0 0 0 0 0 0 0 0 0 0 0 0 0 0 0 0 3 3 3 3 3 3 3 3 3 3 3 3 3 3 3 3 3 3 3 3 3 3 3 3 3 3 3 3 3 3 3 3 3 3 3 3 3 3 3 3 3 3 3 3 3 3 3 3 3 6 6 6 6 6 6 6 6 6 6 6 6 6 6 6 6 6 6 6 6 6 6 6 6 6 10 10 10 10 10 10 10 10 10 6 6 6 6 6 6 6 6 6 6 6 6 6 6 6 3 3 3 3 3 3 3 3 3 3 3 3 3 3 3 3 3 3 3 3 3 3 3 3 3 3 3 3 3 3 3 3 3 3 3 3 3 3 3 3 3 3 3 0 0 0 0 0 0 0 0 0 0 0 0 0 0 0 0 0 0 0 0 0 0 0 0 0 0 0 0 0 0 0 0 0 0 0 0 0 0 0 0 0 0 
0 0 0 0 0 0 0 0 0 0 0 0 0 0 0 0 0 0 3 3 3 3 3 3 3 3 3 3 3 3 3 3 3 3 3 3 3 3 3 3 3 3 3 3 3 3 3 3 3 3 3 3 3 3 3 3 3 3 3 3 3 3 3 3 3 3 3 3 6 6 6 6 6 6 6 6 6 6 6 6 6 6 6 6 6 6 6 6 6 6 6 6 6 6 6 6 6 6 6 6 6 6 6 6 6 6 6 6 6 6 6 6 6 3 3 3 3 3 3 3 3 3 3 3 3 3 3 3 3 3 3 3 3 3 3 3 3 3 3 3 3 3 3 3 3 3 3 3 3 3 3 3 3 3 3 3 0 0 0 0 0 0 0 0 0 0 0 0 0 0 0 0 0 0 0 0 0 0 0 0 0 0 0 0 0 0 0 0 0 0 0 0 0 0 0 0 0 0 0 0 
0 0 0 0 0 0 0 0 0 0 0 0 0 0 0 0 0 0 0 3 3 3 3 3 3 3 3 3 3 3 3 3 3 3 3 3 3 3 3 3 3 3 3 3 3 3 3 3 3 3 3 3 3 3 3 3 3 3 3 3 3 3 3 3 3 3 3 3 3 3 6 6 6 6 6 6 6 6 6 6 6 6 6 6 6 6 6 6 6 6 6 6 6 6 6 6 6 6 6 6 6 6 6 6 6 6 6 6 6 6 6 3 3 3 3 3 3 3 3 3 3 3 3 3 3 3 3 3 3 3 3 3 3 3 3 3 3 3 3 3 3 3 3 3 3 3 3 3 3 3 3 3 3 3 3 0 0 0 0 0 0 0 0 0 0 0 0 0 0 0 0 0 0 0 0 0 0 0 0 0 0 0 0 0 0 0 0 0 0 0 0 0 0 0 0 0 0 0 0 0 
0 0 0 0 0 0 0 0 0 0 0 0 0 0 0 0 0 0 0 0 3 3 3 3 3 3 3 3 3 3 3 3 3 3 3 3 3 3 3 3 3 3 3 3 3 3 3 3 3 3 3 3 3 3 3 3 3 3 3 3 3 3 3 3 3 3 3 3 3 3 3 3 3 6 6 6 6 6 6 6 6 6 6 6 6 6 6 6 6 6 6 6 6 6 6 6 6 6 6 6 6 6 6 6 6 6 6 6 6 3 3 3 3 3 3 3 3 3 3 3 3 3 3 3 3 3 3 3 3 3 3 3 3 3 3 3 3 3 3 3 3 3 3 3 3 3 3 3 3 3 3 3 3 0 0 0 0 0 0 0 0 0 0 0 0 0 0 0 0 0 0 0 0 0 0 0 0 0 0 0 0 0 0 0 0 0 0 0 0 0 0 0 0 0 0 0 0 0 0 0 
0 0 0 0 0 0 0 0 0 0 0 0 0 0 0 0 0 0 0 0 0 3 3 3 3 3 3 3 3 3 3 3 3 3 3 3 3 3 3 3 3 3 3 3 3 3 3 3 3 3 3 3 3 3 3 3 3 3 3 3 3 3 3 3 3 3 3 3 3 3 3 3 3 3 3 6 6 6 6 6 6 6 6 6 6 6 6 6 6 6 6 6 6 6 6 6 6 6 6 6 6 6 6 6 6 6 3 3 3 3 3 3 3 3 3 3 3 3 3 3 3 3 3 3 3 3 3 3 3 3 3 3 3 3 3 3 3 3 3 3 3 3 3 3 3 3 3 3 3 3 3 0 0 0 0 0 0 0 0 0 0 0 0 0 0 0 0 0 0 0 0 0 0 0 0 0 0 0 0 0 0 0 0 0 0 0 0 0 0 0 0 0 0 0 0 0 0 0 0 0 
0 0 0 0 0 0 0 0 0 0 0 0 0 0 0 0 0 0 0 0 0 0 3 3 3 3 3 3 3 3 3 3 3 3 3 3 3 3 3 3 3 3 3 3 3 3 3 3 3 3 3 3 3 3 3 3 3 3 3 3 3 3 3 3 3 3 3 3 3 3 3 3 3 3 3 3 3 3 6 6 6 6 6 6 6 6 6 6 6 6 6 6 6 6 6 6 6 6 6 6 6 6 6 3 3 3 3 3 3 3 3 3 3 3 3 3 3 3 3 3 3 3 3 3 3 3 3 3 3 3 3 3 3 3 3 3 3 3 3 3 3 3 3 3 3 3 3 3 3 3 0 0 0 0 0 0 0 0 0 0 0 0 0 0 0 0 0 0 0 0 0 0 0 0 0 0 0 0 0 0 0 0 0 0 0 0 0 0 0 0 0 0 0 0 0 0 0 0 0 0 
0 0 0 0 0 0 0 0 0 0 0 0 0 0 0 0 0 0 0 0 0 0 0 3 3 3 3 3 3 3 3 3 3 3 3 3 3 3 3 3 3 3 3 3 3 3 3 3 3 3 3 3 3 3 3 3 3 3 3 3 3 3 3 3 3 3 3 3 3 3 3 3 3 3 3 3 3 3 3 3 3 3 3 6 6 6 6 6 6 6 6 6 6 6 6 6 6 6 6 3 3 3 3 3 3 3 3 3 3 3 3 3 3 3 3 3 3 3 3 3 3 3 3 3 3 3 3 3 3 3 3 3 3 3 3 3 3 3 3 3 3 3 3 3 3 3 3 3 0 0 0 0 0 0 0 0 0 0 0 0 0 0 0 0 0 0 0 0 0 0 0 0 0 0 0 0 0 0 0 0 0 0 0 0 0 0 0 0 0 0 0 0 0 0 0 0 0 0 0 0 
0 0 0 0 0 0 0 0 0 0 0 0 0 0 0 0 0 0 0 0 0 0 0 0 3 3 3 3 3 3 3 3 3 3 3 3 3 3 3 3 3 3 3 3 3 3 3 3 3 3 3 3 3 3 3 3 3 3 3 3 3 3 3 3 3 3 3 3 3 3 3 3 3 3 3 3 3 3 3 3 3 3 3 3 3 3 3 3 3 3 3 3 3 3 3 3 3 3 3 3 3 3 3 3 3 3 3 3 3 3 3 3 3 3 3 3 3 3 3 3 3 3 3 3 3 3 3 3 3 3 3 3 3 3 3 3 3 3 3 3 3 3 3 3 3 3 0 0 0 0 0 0 0 0 0 0 0 0 0 0 0 0 0 0 0 0 0 0 0 0 0 0 0 0 0 0 0 0 0 0 0 0 0 0 0 0 0 0 0 0 0 0 0 0 0 0 0 0 0 0 
0 0 0 0 0 0 0 0 0 0 0 0 0 0 0 0 0 0 0 0 0 0 0 0 0 0 3 3 3 3 3 3 3 3 3 3 3 3 3 3 3 3 3 3 3 3 3 3 3 3 3 3 3 3 3 3 3 3 3 3 3 3 3 3 3 3 3 3 3 3 3 3 3 3 3 3 3 3 3 3 3 3 3 3 3 3 3 3 3 3 3 3 3 3 3 3 3 3 3 3 3 3 3 3 3 3 3 3 3 3 3 3 3 3 3 3 3 3 3 3 3 3 3 3 3 3 3 3 3 3 3 3 3 3 3 3 3 3 3 3 3 3 3 3 0 0 0 0 0 0 0 0 0 0 0 0 0 0 0 0 0 0 0 0 0 0 0 0 0 0 0 0 0 0 0 0 0 0 0 0 0 0 0 0 0 0 0 0 0 0 0 0 0 0 0 0 0 0 0 0 
